1.41272
0.125
11.5355
-6.5625
1.87602e-09
11.9313
-6.52407
1.858e-09
12.3269
-6.48706
1.80462e-09
0.155895
-6.45301
1.71794e-09
0.550956
-6.42303
1.60128e-09
0.945584
-6.39852
1.45914e-09
1.33973
-6.38012
1.29697e-09
1.73331
-6.3689
1.12101e-09
8.77139
-6.7561
1.12101e-09
9.16497
-6.74488
1.29697e-09
9.55912
-6.72648
1.45914e-09
9.95374
-6.70197
1.60128e-09
10.3488
-6.67199
1.71794e-09
10.7442
-6.63794
1.80462e-09
11.1398
-6.60093
1.858e-09
11.5846
-6.25
1.25978e-08
11.9804
-6.21157
1.24768e-08
12.376
-6.17456
1.21184e-08
0.204982
-6.14051
1.15363e-08
0.600044
-6.11053
1.07529e-08
0.994672
-6.08602
9.79841e-09
1.38882
-6.06762
8.70941e-09
1.7824
-6.0564
7.52778e-09
2.17541
-6.05241
6.29892e-09
2.5678
-6.05622
5.07006e-09
2.95963
-6.06727
3.88843e-09
3.35088
-6.08557
2.79943e-09
3.74166
-6.11003
1.84491e-09
4.13199
-6.14006
1.06156e-09
6.47088
-6.35994
1.06156e-09
6.86122
-6.38997
1.84491e-09
7.25199
-6.41443
2.79943e-09
7.64325
-6.43273
3.88843e-09
8.03507
-6.44378
5.07006e-09
8.42747
-6.44759
6.29892e-09
8.82048
-6.4436
7.52778e-09
9.21406
-6.43238
8.70941e-09
9.6082
-6.41398
9.79841e-09
10.0028
-6.38947
1.07529e-08
10.3979
-6.35949
1.15363e-08
10.7933
-6.32544
1.21184e-08
11.1889
-6.28843
1.24768e-08
11.6337
-5.9375
7.63429e-08
12.0294
-5.89907
7.56095e-08
12.4251
-5.86206
7.34373e-08
0.25407
-5.82801
6.99099e-08
0.649131
-5.79803
6.51628e-08
1.04376
-5.77352
5.93784e-08
1.43791
-5.75512
5.2779e-08
1.83149
-5.7439
4.56183e-08
2.2245
-5.73991
3.81715e-08
2.61689
-5.74372
3.07246e-08
3.00872
-5.75477
2.35639e-08
3.39997
-5.77307
1.69645e-08
3.79074
-5.79753
1.11802e-08
4.18108
-5.82756
6.43305e-09
4.57109
-5.86171
2.90563e-09
6.12996
-6.01329
2.90563e-09
6.51997
-6.04744
6.43305e-09
6.91031
-6.07747
1.11802e-08
7.30108
-6.10193
1.69645e-08
7.69233
-6.12023
2.35639e-08
8.08416
-6.13128
3.07246e-08
8.47655
-6.13509
3.81715e-08
8.86956
-6.1311
4.56183e-08
9.26314
-6.11988
5.2779e-08
9.65729
-6.10148
5.93784e-08
10.0519
-6.07697
6.51628e-08
10.447
-6.04699
6.99099e-08
10.8424
-6.01294
7.34373e-08
11.238
-5.97593
7.56095e-08
11.6828
-5.625
4.17273e-07
12.0785
-5.58657
4.13264e-07
12.4741
-5.54956
4.01392e-07
0.303157
-5.51551
3.82112e-07
0.698218
-5.48553
3.56165e-07
1.09285
-5.46102
3.24549e-07
1.48699
-5.44262
2.88478e-07
1.88057
-5.4314
2.4934e-07
2.27358
-5.42741
2.08637e-07
2.66598
-5.43122
1.67934e-07
3.0578
-5.44227
1.28795e-07
3.44906
-5.46057
9.27243e-08
3.83983
-5.48503
6.11083e-08
4.23017
-5.51506
3.51616e-08
4.62018
-5.54921
1.58815e-08
5.00995
-5.58638
4.00889e-09
5.78927
-5.66362
4.00889e-09
6.17905
-5.70079
1.58815e-08
6.56906
-5.73494
3.51616e-08
6.95939
-5.76497
6.11083e-08
7.35017
-5.78943
9.27243e-08
7.74142
-5.80773
1.28795e-07
8.13325
-5.81878
1.67934e-07
8.52564
-5.82259
2.08637e-07
8.91865
-5.8186
2.4934e-07
9.31223
-5.80738
2.88478e-07
9.70638
-5.78898
3.24549e-07
10.101
-5.76447
3.56165e-07
10.4961
-5.73449
3.82112e-07
10.8915
-5.70044
4.01392e-07
11.2871
-5.66343
4.13264e-07
11.7319
-5.3125
2.05578e-06
12.1276
-5.27407
2.03603e-06
12.5232
-5.23706
1.97753e-06
0.352244
-5.20301
1.88255e-06
0.747306
-5.17303
1.75472e-06
1.14193
-5.14852
1.59895e-06
1.53608
-5.13012
1.42124e-06
1.92966
-5.1189
1.22842e-06
2.32267
-5.11491
1.02789e-06
2.71507
-5.11872
8.27357e-07
3.10689
-5.12977
6.34532e-07
3.49815
-5.14807
4.56824e-07
3.88892
-5.17253
3.01062e-07
4.27925
-5.20256
1.7323e-07
4.66926
-5.23671
7.82433e-08
5.05904
-5.27388
1.97506e-08
5.83836
-5.35112
1.97506e-08
6.22814
-5.38829
7.82433e-08
6.61815
-5.42244
1.7323e-07
7.00848
-5.45247
3.01062e-07
7.39925
-5.47693
4.56824e-07
7.79051
-5.49523
6.34532e-07
8.18233
-5.50628
8.27357e-07
8.57473
-5.51009
1.02789e-06
8.96774
-5.5061
1.22842e-06
9.36132
-5.49488
1.42124e-06
9.75547
-5.47648
1.59895e-06
10.1501
-5.45197
1.75472e-06
10.5452
-5.42199
1.88255e-06
10.9405
-5.38794
1.97753e-06
11.3362
-5.35093
2.03603e-06
11.781
-5
9.1224e-06
12.1767
-4.96157
9.03475e-06
0.00594881
-4.92456
8.7752e-06
0.401332
-4.89051
8.3537e-06
0.796393
-4.86053
7.78645e-06
1.19102
-4.83602
7.09526e-06
1.58517
-4.81762
6.30669e-06
1.97875
-4.8064
5.45104e-06
2.37176
-4.80241
4.5612e-06
2.76415
-4.80622
3.67135e-06
3.15598
-4.81727
2.8157e-06
3.54723
-4.83557
2.02713e-06
3.93801
-4.86003
1.33594e-06
4.32834
-4.89006
7.68701e-07
4.71835
-4.92421
3.47201e-07
5.10813
-4.96138
8.76421e-08
5.88745
-5.03862
8.76421e-08
6.27722
-5.07579
3.47201e-07
6.66723
-5.10994
7.68701e-07
7.05757
-5.13997
1.33594e-06
7.44834
-5.16443
2.02713e-06
7.8396
-5.18273
2.8157e-06
8.23142
-5.19378
3.67135e-06
8.62382
-5.19759
4.5612e-06
9.01683
-5.1936
5.45104e-06
9.41041
-5.18238
6.30669e-06
9.80455
-5.16398
7.09526e-06
10.1992
-5.13947
7.78645e-06
10.5942
-5.10949
8.3537e-06
10.9896
-5.07544
8.7752e-06
11.3852
-5.03843
9.03475e-06
11.8301
-4.6875
3.64276e-05
12.2258
-4.64907
3.60777e-05
0.0550362
-4.61206
3.50412e-05
0.450419
-4.57801
3.3358e-05
0.845481
-4.54803
3.10929e-05
1.24011
-4.52352
2.83329e-05
1.63426
-4.50512
2.51839e-05
2.02783
-4.4939
2.17672e-05
2.42085
-4.48991
1.82138e-05
2.81324
-4.49372
1.46605e-05
3.20507
-4.50477
1.12437e-05
3.59632
-4.52307
8.09476e-06
3.98709
-4.54753
5.3347e-06
4.37743
-4.57756
3.06958e-06
4.76744
-4.61171
1.38644e-06
5.15721
-4.64888
3.49973e-07
5.93654
-4.72612
3.49973e-07
6.32631
-4.76329
1.38644e-06
6.71632
-4.79744
3.06958e-06
7.10666
-4.82747
5.3347e-06
7.49743
-4.85193
8.09476e-06
7.88868
-4.87023
1.12437e-05
8.28051
-4.88128
1.46605e-05
8.6729
-4.88509
1.82138e-05
9.06591
-4.8811
2.17672e-05
9.45949
-4.86988
2.51839e-05
9.85364
-4.85148
2.83329e-05
10.2483
-4.82697
3.10929e-05
10.6433
-4.79699
3.3358e-05
11.0387
-4.76294
3.50412e-05
11.4343
-4.72593
3.60777e-05
11.8791
-4.375
0.000130759
12.2749
-4.33657
0.000129503
0.104124
-4.29956
0.000125782
0.499507
-4.26551
0.000119741
0.894568
-4.23553
0.00011161
1.2892
-4.21102
0.000101703
1.68334
-4.19262
9.03993e-05
2.07692
-4.1814
7.81345e-05
2.46993
-4.17741
6.53796e-05
2.86233
-4.18122
5.26247e-05
3.25415
-4.19227
4.03599e-05
3.64541
-4.21057
2.90566e-05
4.03618
-4.23503
1.91492e-05
4.42652
-4.26506
1.10184e-05
4.81653
-4.29921
4.97672e-06
5.2063
-4.33638
1.25625e-06
5.98562
-4.41362
1.25625e-06
6.3754
-4.45079
4.97672e-06
6.76541
-4.48494
1.10184e-05
7.15574
-4.51497
1.91492e-05
7.54652
-4.53943
2.90566e-05
7.93777
-4.55773
4.03599e-05
8.3296
-4.56878
5.26247e-05
8.72199
-4.57259
6.53796e-05
9.115
-4.5686
7.81345e-05
9.50858
-4.55738
9.03993e-05
9.90273
-4.53898
0.000101703
10.2974
-4.51447
0.00011161
10.6924
-4.48449
0.000119741
11.0878
-4.45044
0.000125782
11.4834
-4.41343
0.000129503
11.9282
-4.0625
0.000421366
12.324
-4.02407
0.000417317
0.153211
-3.98706
0.000405328
0.548594
-3.95301
0.000385859
0.943655
-3.92303
0.000359658
1.33828
-3.89852
0.000327732
1.73243
-3.88012
0.000291308
2.12601
-3.8689
0.000251785
2.51902
-3.86491
0.000210683
2.91142
-3.86872
0.000169581
3.30324
-3.87977
0.000130058
3.6945
-3.89807
9.36337e-05
4.08527
-3.92253
6.17076e-05
4.4756
-3.95256
3.55064e-05
4.86561
-3.98671
1.60373e-05
5.25539
-4.02388
4.04821e-06
6.03471
-4.10112
4.04821e-06
6.42448
-4.13829
1.60373e-05
6.8145
-4.17244
3.55064e-05
7.20483
-4.20247
6.17076e-05
7.5956
-4.22693
9.36337e-05
7.98686
-4.24523
0.000130058
8.37868
-4.25628
0.000169581
8.77108
-4.26009
0.000210683
9.16409
-4.2561
0.000251785
9.55767
-4.24488
0.000291308
9.95182
-4.22648
0.000327732
10.3464
-4.20197
0.000359658
10.7415
-4.17199
0.000385859
11.1369
-4.13794
0.000405328
11.5325
-4.10093
0.000417317
11.9773
-3.75
0.00121697
12.3731
-3.71157
0.00120528
0.202298
-3.67456
0.00117065
0.597681
-3.64051
0.00111442
0.992743
-3.61053
0.00103875
1.38737
-3.58602
0.00094654
1.78152
-3.56762
0.000841341
2.1751
-3.5564
0.000727194
2.56811
-3.55241
0.000608484
2.9605
-3.55622
0.000489775
3.35233
-3.56727
0.000375627
3.74358
-3.58557
0.000270429
4.13436
-3.61003
0.000178221
4.52469
-3.64006
0.000102548
4.9147
-3.67421
4.63181e-05
5.30448
-3.71138
1.16919e-05
6.0838
-3.78862
1.16919e-05
6.47357
-3.82579
4.63181e-05
6.86358
-3.85994
0.000102548
7.25392
-3.88997
0.000178221
7.64469
-3.91443
0.000270429
8.03595
-3.93273
0.000375627
8.42777
-3.94378
0.000489775
8.82017
-3.94759
0.000608484
9.21318
-3.9436
0.000727194
9.60676
-3.93238
0.000841341
10.0009
-3.91398
0.00094654
10.3955
-3.88947
0.00103875
10.7906
-3.85949
0.00111442
11.186
-3.82544
0.00117065
11.5816
-3.78843
0.00120528
12.0264
-3.4375
0.00314366
12.4221
-3.39907
0.00311346
0.251386
-3.36206
0.00302401
0.646769
-3.32801
0.00287876
1.04183
-3.29803
0.00268328
1.43646
-3.27352
0.00244509
1.8306
-3.25512
0.00217334
2.22418
-3.2439
0.00187848
2.61719
-3.23991
0.00157183
3.00959
-3.24372
0.00126518
3.40142
-3.25477
0.000970316
3.79267
-3.27307
0.000698568
4.18344
-3.29753
0.000460378
4.57378
-3.32756
0.000264901
4.96379
-3.36171
0.000119648
5.35356
-3.39888
3.02023e-05
6.13288
-3.47612
3.02023e-05
6.52266
-3.51329
0.000119648
6.91267
-3.54744
0.000264901
7.30301
-3.57747
0.000460378
7.69378
-3.60193
0.000698568
8.08503
-3.62023
0.000970316
8.47686
-3.63128
0.00126518
8.86925
-3.63509
0.00157183
9.26226
-3.6311
0.00187848
9.65584
-3.61988
0.00217334
10.05
-3.60148
0.00244509
10.4446
-3.57697
0.00268328
10.8397
-3.54699
0.00287876
11.2351
-3.51294
0.00302401
11.6307
-3.47593
0.00311346
12.0755
-3.125
0.00724388
12.4712
-3.08657
0.00717429
0.300473
-3.04956
0.00696818
0.695856
-3.01551
0.00663348
1.09092
-2.98553
0.00618304
1.48555
-2.96102
0.00563419
1.87969
-2.94262
0.005008
2.27327
-2.9314
0.00432855
2.66628
-2.92741
0.00362194
3.05868
-2.93122
0.00291534
3.4505
-2.94227
0.00223588
3.84176
-2.96057
0.0016097
4.23253
-2.98503
0.00106084
4.62286
-3.01506
0.000610407
5.01288
-3.04921
0.000275704
5.40265
-3.08638
6.95946e-05
6.18197
-3.16362
6.95946e-05
6.57175
-3.20079
0.000275704
6.96176
-3.23494
0.000610407
7.35209
-3.26497
0.00106084
7.74286
-3.28943
0.0016097
8.13412
-3.30773
0.00223588
8.52595
-3.31878
0.00291534
8.91834
-3.32259
0.00362194
9.31135
-3.3186
0.00432855
9.70493
-3.30738
0.005008
10.0991
-3.28898
0.00563419
10.4937
-3.26447
0.00618304
10.8888
-3.23449
0.00663348
11.2841
-3.20044
0.00696818
11.6798
-3.16343
0.00717429
12.1246
-2.8125
0.0148377
12.5203
-2.77407
0.0146951
0.349561
-2.73706
0.014273
0.744943
-2.70301
0.0135874
1.14
-2.67303
0.0126648
1.53463
-2.64852
0.0115405
1.92878
-2.63012
0.0102579
2.32236
-2.6189
0.00886619
2.71537
-2.61491
0.00741885
3.10776
-2.61872
0.0059715
3.49959
-2.62977
0.00457978
3.89085
-2.64807
0.00329716
4.28162
-2.67253
0.00217293
4.67195
-2.70256
0.0012503
5.06196
-2.73671
0.000564726
5.45174
-2.77388
0.000142551
6.23106
-2.85112
0.000142551
6.62083
-2.88829
0.000564726
7.01085
-2.92244
0.0012503
7.40118
-2.95247
0.00217293
7.79195
-2.97693
0.00329716
8.18321
-2.99523
0.00457978
8.57503
-3.00628
0.0059715
8.96743
-3.01009
0.00741885
9.36044
-3.0061
0.00886619
9.75402
-2.99488
0.0102579
10.1482
-2.97648
0.0115405
10.5428
-2.95197
0.0126648
10.9379
-2.92199
0.0135874
11.3332
-2.88794
0.014273
11.7289
-2.85093
0.0146951
12.1737
-2.5
0.0268881
0.00303082
-2.46157
0.0266298
0.398648
-2.42456
0.0258647
0.794031
-2.39051
0.0246223
1.18909
-2.36053
0.0229504
1.58372
-2.33602
0.0209131
1.97787
-2.31762
0.0185888
2.37145
-2.3064
0.0160668
2.76446
-2.30241
0.013444
3.15685
-2.30622
0.0108212
3.54868
-2.31727
0.00829923
3.93993
-2.33557
0.00597493
4.3307
-2.36003
0.00393767
4.72104
-2.39006
0.00226573
5.11105
-2.42421
0.00102337
5.50083
-2.46138
0.000258323
6.28015
-2.53862
0.000258323
6.66992
-2.57579
0.00102337
7.05993
-2.60994
0.00226573
7.45027
-2.63997
0.00393767
7.84104
-2.66443
0.00597493
8.2323
-2.68273
0.00829923
8.62412
-2.69378
0.0108212
9.01652
-2.69759
0.013444
9.40953
-2.6936
0.0160668
9.80311
-2.68238
0.0185888
10.1973
-2.66398
0.0209131
10.5919
-2.63947
0.0229504
10.9869
-2.60949
0.0246223
11.3823
-2.57544
0.0258647
11.7779
-2.53843
0.0266298
12.2228
-2.1875
0.0428216
0.0521182
-2.14907
0.0424102
0.447735
-2.11206
0.0411918
0.843118
-2.07801
0.0392132
1.23818
-2.04803
0.0365505
1.63281
-2.02352
0.033306
2.02695
-2.00512
0.0296043
2.42053
-1.9939
0.0255878
2.81354
-1.98991
0.0214108
3.20594
-1.99372
0.0172337
3.59776
-2.00477
0.0132172
3.98902
-2.02307
0.00951559
4.37979
-2.04753
0.00627107
4.77013
-2.07756
0.00360837
5.16014
-2.11171
0.0016298
5.54991
-2.14888
0.000411402
6.32923
-2.22612
0.000411402
6.71901
-2.26329
0.0016298
7.10902
-2.29744
0.00360837
7.49936
-2.32747
0.00627107
7.89013
-2.35193
0.00951559
8.28138
-2.37023
0.0132172
8.67321
-2.38128
0.0172337
9.0656
-2.38509
0.0214108
9.45861
-2.3811
0.0255878
9.85219
-2.36988
0.0296043
10.2463
-2.35148
0.033306
10.641
-2.32697
0.0365505
11.036
-2.29699
0.0392132
11.4314
-2.26294
0.0411918
11.827
-2.22593
0.0424102
12.2718
-1.875
0.0593532
0.101206
-1.83657
0.058783
0.496823
-1.79956
0.0570942
0.892206
-1.76551
0.0543518
1.28727
-1.73553
0.0506611
1.6819
-1.71102
0.046164
2.07604
-1.69262
0.0410334
2.46962
-1.6814
0.0354662
2.86263
-1.67741
0.0296766
3.25503
-1.68122
0.023887
3.64685
-1.69227
0.0183199
4.03811
-1.71057
0.0131892
4.42888
-1.73503
0.00869208
4.81921
-1.76506
0.00500141
5.20923
-1.79921
0.002259
5.599
-1.83638
0.000570228
6.37832
-1.91362
0.000570228
6.7681
-1.95079
0.002259
7.15811
-1.98494
0.00500141
7.54844
-2.01497
0.00869208
7.93921
-2.03943
0.0131892
8.33047
-2.05773
0.0183199
8.7223
-2.06878
0.023887
9.11469
-2.07259
0.0296766
9.5077
-2.0686
0.0354662
9.90128
-2.05738
0.0410334
10.2954
-2.03898
0.046164
10.6901
-2.01447
0.0506611
11.0851
-1.98449
0.0543518
11.4805
-1.95044
0.0570942
11.8761
-1.91343
0.058783
12.3209
-1.5625
0.0705254
0.150293
-1.52407
0.0698478
0.54591
-1.48706
0.0678412
0.941293
-1.45301
0.0645825
1.33635
-1.42303
0.0601972
1.73098
-1.39852
0.0548536
2.12513
-1.38012
0.0487571
2.51871
-1.3689
0.0421421
2.91172
-1.36491
0.0352627
3.30411
-1.36872
0.0283833
3.69594
-1.37977
0.0217682
4.0872
-1.39807
0.0156718
4.47797
-1.42253
0.0103282
4.8683
-1.45256
0.00594283
5.25831
-1.48671
0.00268421
5.64809
-1.52388
0.000677563
6.42741
-1.60112
0.000677563
6.81718
-1.63829
0.00268421
7.20719
-1.67244
0.00594283
7.59753
-1.70247
0.0103282
7.9883
-1.72693
0.0156718
8.37956
-1.74523
0.0217682
8.77138
-1.75628
0.0283833
9.16378
-1.76009
0.0352627
9.55679
-1.7561
0.0421421
9.95037
-1.74488
0.0487571
10.3445
-1.72648
0.0548536
10.7391
-1.70197
0.0601972
11.1342
-1.67199
0.0645825
11.5296
-1.63794
0.0678412
11.9252
-1.60093
0.0698478
12.37
-1.25
0.070045
0.19938
-1.21157
0.0693721
0.594997
-1.17456
0.0673791
0.99038
-1.14051
0.0641427
1.38544
-1.11053
0.0597872
1.78007
-1.08602
0.05448
2.17422
-1.06762
0.0484251
2.5678
-1.0564
0.0418551
2.96081
-1.05241
0.0350225
3.3532
-1.05622
0.02819
3.74503
-1.06727
0.02162
4.13628
-1.08557
0.0155651
4.52705
-1.11003
0.0102579
4.91739
-1.14006
0.00590236
5.3074
-1.17421
0.00266593
5.69717
-1.21138
0.000672948
6.4765
-1.28862
0.000672948
6.86627
-1.32579
0.00266593
7.25628
-1.35994
0.00590236
7.64662
-1.38997
0.0102579
8.03739
-1.41443
0.0155651
8.42864
-1.43273
0.02162
8.82047
-1.44378
0.02819
9.21287
-1.44759
0.0350225
9.60588
-1.4436
0.0418551
9.99946
-1.43238
0.0484251
10.3936
-1.41398
0.05448
10.7882
-1.38947
0.0597872
11.1833
-1.35949
0.0641427
11.5787
-1.32544
0.0673791
11.9743
-1.28843
0.0693721
12.4191
-0.9375
0.055455
0.248468
-0.899066
0.0549222
0.644085
-0.862058
0.0533443
1.03947
-0.828008
0.050782
1.43453
-0.798026
0.0473338
1.82916
-0.773523
0.043132
2.2233
-0.755123
0.0383383
2.61688
-0.743905
0.0331368
3.00989
-0.739908
0.0277275
3.40229
-0.743717
0.0223181
3.79411
-0.754774
0.0171166
4.18537
-0.773072
0.0123229
4.57614
-0.797533
0.00812119
4.96648
-0.827557
0.00467292
5.35649
-0.861709
0.00211063
5.74626
-0.898879
0.000532776
6.52558
-0.976121
0.000532776
6.91536
-1.01329
0.00211063
7.30537
-1.04744
0.00467292
7.6957
-1.07747
0.00812119
8.08648
-1.10193
0.0123229
8.47773
-1.12023
0.0171166
8.86956
-1.13128
0.0223181
9.26195
-1.13509
0.0277275
9.65496
-1.1311
0.0331368
10.0485
-1.11988
0.0383383
10.4427
-1.10148
0.043132
10.8373
-1.07697
0.0473338
11.2324
-1.04699
0.050782
11.6278
-1.01294
0.0533443
12.0234
-0.975934
0.0549222
12.4682
-0.625
0.031462
0.297555
-0.586566
0.0311598
0.693172
-0.549558
0.0302646
1.08856
-0.515508
0.0288109
1.48362
-0.485526
0.0268545
1.87824
-0.461023
0.0244707
2.27239
-0.442623
0.021751
2.66597
-0.431405
0.0188
3.05898
-0.427408
0.015731
3.45138
-0.431217
0.012662
3.8432
-0.442274
0.00971102
4.23446
-0.460572
0.00699133
4.62523
-0.485033
0.00460751
5.01556
-0.515057
0.00265115
5.40558
-0.549209
0.00119745
5.79535
-0.586379
0.000302267
6.57467
-0.663621
0.000302267
6.96445
-0.700791
0.00119745
7.35446
-0.734943
0.00265115
7.74479
-0.764967
0.00460751
8.13556
-0.789428
0.00699133
8.52682
-0.807726
0.00971102
8.91864
-0.818783
0.012662
9.31104
-0.822592
0.015731
9.70405
-0.818595
0.0188
10.0976
-0.807377
0.021751
10.4918
-0.788977
0.0244707
10.8864
-0.764474
0.0268545
11.2815
-0.734492
0.0288109
11.6768
-0.700442
0.0302646
12.0725
-0.663434
0.0311598
12.5173
-0.3125
0.00910635
0.346643
-0.274066
0.00901886
0.74226
-0.237058
0.00875976
1.13764
-0.203008
0.008339
1.5327
-0.173026
0.00777275
1.92733
-0.148523
0.00708278
2.32148
-0.130123
0.0062956
2.71506
-0.118905
0.00544145
3.10807
-0.114908
0.00455317
3.50046
-0.118717
0.00366489
3.89229
-0.129774
0.00281075
4.28354
-0.148072
0.00202357
4.67432
-0.172533
0.00133359
5.06465
-0.202557
0.000767348
5.45466
-0.236709
0.00034659
5.84444
-0.273879
8.7488e-05
6.62376
-0.351121
8.7488e-05
7.01353
-0.388291
0.00034659
7.40354
-0.422443
0.000767348
7.79388
-0.452467
0.00133359
8.18465
-0.476928
0.00202357
8.57591
-0.495226
0.00281075
8.96773
-0.506283
0.00366489
9.36013
-0.510092
0.00455317
9.75314
-0.506095
0.00544145
10.1467
-0.494877
0.0062956
10.5409
-0.476477
0.00708278
10.9355
-0.451974
0.00777275
11.3306
-0.421992
0.008339
11.7259
-0.387942
0.00875976
12.1216
-0.350934
0.00901886
0.0490874
0.3125
0.00910635
0.444817
0.350934
0.00901886
0.840434
0.387942
0.00875976
1.23582
0.421992
0.008339
1.63088
0.451974
0.00777275
2.02551
0.476477
0.00708278
2.41965
0.494877
0.0062956
2.81323
0.506095
0.00544145
3.20624
0.510092
0.00455317
3.59864
0.506283
0.00366489
3.99046
0.495226
0.00281075
4.38172
0.476928
0.00202357
4.77249
0.452467
0.00133359
5.16283
0.422443
0.000767348
5.55284
0.388291
0.00034659
5.94261
0.351121
8.7488e-05
6.72193
0.273879
8.7488e-05
7.11171
0.236709
0.00034659
7.50172
0.202557
0.000767348
7.89205
0.172533
0.00133359
8.28283
0.148072
0.00202357
8.67408
0.129774
0.00281075
9.06591
0.118717
0.00366489
9.4583
0.114908
0.00455317
9.85131
0.118905
0.00544145
10.2449
0.130123
0.0062956
10.639
0.148523
0.00708278
11.0337
0.173026
0.00777275
11.4287
0.203008
0.008339
11.8241
0.237058
0.00875976
12.2197
0.274066
0.00901886
0.0981748
0.625
0.031462
0.493905
0.663434
0.0311598
0.889522
0.700442
0.0302646
1.2849
0.734492
0.0288109
1.67997
0.764474
0.0268545
2.07459
0.788977
0.0244707
2.46874
0.807377
0.021751
2.86232
0.818595
0.0188
3.25533
0.822592
0.015731
3.64773
0.818783
0.012662
4.03955
0.807726
0.00971102
4.43081
0.789428
0.00699133
4.82158
0.764967
0.00460751
5.21191
0.734943
0.00265115
5.60192
0.700791
0.00119745
5.9917
0.663621
0.000302267
6.77102
0.586379
0.000302267
7.1608
0.549209
0.00119745
7.55081
0.515057
0.00265115
7.94114
0.485033
0.00460751
8.33191
0.460572
0.00699133
8.72317
0.442274
0.00971102
9.11499
0.431217
0.012662
9.50739
0.427408
0.015731
9.9004
0.431405
0.0188
10.294
0.442623
0.021751
10.6881
0.461023
0.0244707
11.0828
0.485526
0.0268545
11.4778
0.515508
0.0288109
11.8732
0.549558
0.0302646
12.2688
0.586566
0.0311598
0.147262
0.9375
0.055455
0.542992
0.975934
0.0549222
0.938609
1.01294
0.0533443
1.33399
1.04699
0.050782
1.72905
1.07697
0.0473338
2.12368
1.10148
0.043132
2.51783
1.11988
0.0383383
2.91141
1.1311
0.0331368
3.30442
1.13509
0.0277275
3.69681
1.13128
0.0223181
4.08864
1.12023
0.0171166
4.47989
1.10193
0.0123229
4.87067
1.07747
0.00812119
5.261
1.04744
0.00467292
5.65101
1.01329
0.00211063
6.04079
0.976121
0.000532776
6.82011
0.898879
0.000532776
7.20988
0.861709
0.00211063
7.59989
0.827557
0.00467292
7.99023
0.797533
0.00812119
8.381
0.773072
0.0123229
8.77226
0.754774
0.0171166
9.16408
0.743717
0.0223181
9.55648
0.739908
0.0277275
9.94949
0.743905
0.0331368
10.3431
0.755123
0.0383383
10.7372
0.773523
0.043132
11.1318
0.798026
0.0473338
11.5269
0.828008
0.050782
11.9223
0.862058
0.0533443
12.3179
0.899066
0.0549222
0.19635
1.25
0.070045
0.592079
1.28843
0.0693721
0.987697
1.32544
0.0673791
1.38308
1.35949
0.0641427
1.77814
1.38947
0.0597872
2.17277
1.41398
0.05448
2.56692
1.43238
0.0484251
2.9605
1.4436
0.0418551
3.35351
1.44759
0.0350225
3.7459
1.44378
0.02819
4.13773
1.43273
0.02162
4.52898
1.41443
0.0155651
4.91975
1.38997
0.0102579
5.31009
1.35994
0.00590236
5.7001
1.32579
0.00266593
6.08987
1.28862
0.000672948
6.8692
1.21138
0.000672948
7.25897
1.17421
0.00266593
7.64898
1.14006
0.00590236
8.03932
1.11003
0.0102579
8.43009
1.08557
0.0155651
8.82134
1.06727
0.02162
9.21317
1.05622
0.02819
9.60556
1.05241
0.0350225
9.99857
1.0564
0.0418551
10.3922
1.06762
0.0484251
10.7863
1.08602
0.05448
11.1809
1.11053
0.0597872
11.576
1.14051
0.0641427
11.9714
1.17456
0.0673791
12.367
1.21157
0.0693721
0.245437
1.5625
0.0705254
0.641167
1.60093
0.0698478
1.03678
1.63794
0.0678412
1.43217
1.67199
0.0645825
1.82723
1.70197
0.0601972
2.22186
1.72648
0.0548536
2.616
1.74488
0.0487571
3.00958
1.7561
0.0421421
3.40259
1.76009
0.0352627
3.79499
1.75628
0.0283833
4.18681
1.74523
0.0217682
4.57807
1.72693
0.0156718
4.96884
1.70247
0.0103282
5.35918
1.67244
0.00594283
5.74919
1.63829
0.00268421
6.13896
1.60112
0.000677563
6.91828
1.52388
0.000677563
7.30806
1.48671
0.00268421
7.69807
1.45256
0.00594283
8.0884
1.42253
0.0103282
8.47918
1.39807
0.0156718
8.87043
1.37977
0.0217682
9.26226
1.36872
0.0283833
9.65465
1.36491
0.0352627
10.0477
1.3689
0.0421421
10.4412
1.38012
0.0487571
10.8354
1.39852
0.0548536
11.23
1.42303
0.0601972
11.6251
1.45301
0.0645825
12.0205
1.48706
0.0678412
12.4161
1.52407
0.0698478
0.294524
1.875
0.0593532
0.690254
1.91343
0.058783
1.08587
1.95044
0.0570942
1.48125
1.98449
0.0543518
1.87632
2.01447
0.0506611
2.27094
2.03898
0.046164
2.66509
2.05738
0.0410334
3.05867
2.0686
0.0354662
3.45168
2.07259
0.0296766
3.84408
2.06878
0.023887
4.2359
2.05773
0.0183199
4.62716
2.03943
0.0131892
5.01793
2.01497
0.00869208
5.40826
1.98494
0.00500141
5.79827
1.95079
0.002259
6.18805
1.91362
0.000570228
6.96737
1.83638
0.000570228
7.35715
1.79921
0.002259
7.74716
1.76506
0.00500141
8.13749
1.73503
0.00869208
8.52826
1.71057
0.0131892
8.91952
1.69227
0.0183199
9.31134
1.68122
0.023887
9.70374
1.67741
0.0296766
10.0967
1.6814
0.0354662
10.4903
1.69262
0.0410334
10.8845
1.71102
0.046164
11.2791
1.73553
0.0506611
11.6742
1.76551
0.0543518
12.0695
1.79956
0.0570942
12.4652
1.83657
0.058783
0.343612
2.1875
0.0428216
0.739342
2.22593
0.0424102
1.13496
2.26294
0.0411918
1.53034
2.29699
0.0392132
1.9254
2.32697
0.0365505
2.32003
2.35148
0.033306
2.71418
2.36988
0.0296043
3.10776
2.3811
0.0255878
3.50077
2.38509
0.0214108
3.89316
2.38128
0.0172337
4.28499
2.37023
0.0132172
4.67624
2.35193
0.00951559
5.06702
2.32747
0.00627107
5.45735
2.29744
0.00360837
5.84736
2.26329
0.0016298
6.23714
2.22612
0.000411402
7.01646
2.14888
0.000411402
7.40623
2.11171
0.0016298
7.79624
2.07756
0.00360837
8.18658
2.04753
0.00627107
8.57735
2.02307
0.00951559
8.96861
2.00477
0.0132172
9.36043
1.99372
0.0172337
9.75283
1.98991
0.0214108
10.1458
1.9939
0.0255878
10.5394
2.00512
0.0296043
10.9336
2.02352
0.033306
11.3282
2.04803
0.0365505
11.7233
2.07801
0.0392132
12.1186
2.11206
0.0411918
12.5143
2.14907
0.0424102
0.392699
2.5
0.0268881
0.788429
2.53843
0.0266298
1.18405
2.57544
0.0258647
1.57943
2.60949
0.0246223
1.97449
2.63947
0.0229504
2.36912
2.66398
0.0209131
2.76327
2.68238
0.0185888
3.15684
2.6936
0.0160668
3.54985
2.69759
0.013444
3.94225
2.69378
0.0108212
4.33408
2.68273
0.00829923
4.72533
2.66443
0.00597493
5.1161
2.63997
0.00393767
5.50644
2.60994
0.00226573
5.89645
2.57579
0.00102337
6.28622
2.53862
0.000258323
7.06555
2.46138
0.000258323
7.45532
2.42421
0.00102337
7.84533
2.39006
0.00226573
8.23567
2.36003
0.00393767
8.62644
2.33557
0.00597493
9.01769
2.31727
0.00829923
9.40952
2.30622
0.0108212
9.80191
2.30241
0.013444
10.1949
2.3064
0.0160668
10.5885
2.31762
0.0185888
10.9827
2.33602
0.0209131
11.3773
2.36053
0.0229504
11.7723
2.39051
0.0246223
12.1677
2.42456
0.0258647
12.5633
2.46157
0.0266298
0.441786
2.8125
0.0148377
0.837516
2.85093
0.0146951
1.23313
2.88794
0.014273
1.62852
2.92199
0.0135874
2.02358
2.95197
0.0126648
2.41821
2.97648
0.0115405
2.81235
2.99488
0.0102579
3.20593
3.0061
0.00886619
3.59894
3.01009
0.00741885
3.99134
3.00628
0.0059715
4.38316
2.99523
0.00457978
4.77442
2.97693
0.00329716
5.16519
2.95247
0.00217293
5.55553
2.92244
0.0012503
5.94554
2.88829
0.000564726
6.33531
2.85112
0.000142551
7.11463
2.77388
0.000142551
7.50441
2.73671
0.000564726
7.89442
2.70256
0.0012503
8.28475
2.67253
0.00217293
8.67552
2.64807
0.00329716
9.06678
2.62977
0.00457978
9.45861
2.61872
0.0059715
9.851
2.61491
0.00741885
10.244
2.6189
0.00886619
10.6376
2.63012
0.0102579
11.0317
2.64852
0.0115405
11.4264
2.67303
0.0126648
11.8214
2.70301
0.0135874
12.2168
2.73706
0.014273
0.0460566
2.77407
0.0146951
0.490874
3.125
0.00724388
0.886604
3.16343
0.00717429
1.28222
3.20044
0.00696818
1.6776
3.23449
0.00663348
2.07267
3.26447
0.00618304
2.46729
3.28898
0.00563419
2.86144
3.30738
0.005008
3.25502
3.3186
0.00432855
3.64803
3.32259
0.00362194
4.04043
3.31878
0.00291534
4.43225
3.30773
0.00223588
4.82351
3.28943
0.0016097
5.21428
3.26497
0.00106084
5.60461
3.23494
0.000610407
5.99462
3.20079
0.000275704
6.3844
3.16362
6.95946e-05
7.16372
3.08638
6.95946e-05
7.55349
3.04921
0.000275704
7.94351
3.01506
0.000610407
8.33384
2.98503
0.00106084
8.72461
2.96057
0.0016097
9.11587
2.94227
0.00223588
9.50769
2.93122
0.00291534
9.90009
2.92741
0.00362194
10.2931
2.9314
0.00432855
10.6867
2.94262
0.005008
11.0808
2.96102
0.00563419
11.4755
2.98553
0.00618304
11.8705
3.01551
0.00663348
12.2659
3.04956
0.00696818
0.0951439
3.08657
0.00717429
0.539961
3.4375
0.00314366
0.935691
3.47593
0.00311346
1.33131
3.51294
0.00302401
1.72669
3.54699
0.00287876
2.12175
3.57697
0.00268328
2.51638
3.60148
0.00244509
2.91053
3.61988
0.00217334
3.30411
3.6311
0.00187848
3.69712
3.63509
0.00157183
4.08951
3.63128
0.00126518
4.48134
3.62023
0.000970316
4.87259
3.60193
0.000698568
5.26336
3.57747
0.000460378
5.6537
3.54744
0.000264901
6.04371
3.51329
0.000119648
6.43349
3.47612
3.02023e-05
7.21281
3.39888
3.02023e-05
7.60258
3.36171
0.000119648
7.99259
3.32756
0.000264901
8.38293
3.29753
0.000460378
8.7737
3.27307
0.000698568
9.16496
3.25477
0.000970316
9.55678
3.24372
0.00126518
9.94918
3.23991
0.00157183
10.3422
3.2439
0.00187848
10.7358
3.25512
0.00217334
11.1299
3.27352
0.00244509
11.5245
3.29803
0.00268328
11.9196
3.32801
0.00287876
12.315
3.36206
0.00302401
0.144231
3.39907
0.00311346
0.589049
3.75
0.00121697
0.984779
3.78843
0.00120528
1.3804
3.82544
0.00117065
1.77578
3.85949
0.00111442
2.17084
3.88947
0.00103875
2.56547
3.91398
0.00094654
2.95961
3.93238
0.000841341
3.35319
3.9436
0.000727194
3.7462
3.94759
0.000608484
4.1386
3.94378
0.000489775
4.53042
3.93273
0.000375627
4.92168
3.91443
0.000270429
5.31245
3.88997
0.000178221
5.70279
3.85994
0.000102548
6.0928
3.82579
4.63181e-05
6.48257
3.78862
1.16919e-05
7.26189
3.71138
1.16919e-05
7.65167
3.67421
4.63181e-05
8.04168
3.64006
0.000102548
8.43202
3.61003
0.000178221
8.82279
3.58557
0.000270429
9.21404
3.56727
0.000375627
9.60587
3.55622
0.000489775
9.99826
3.55241
0.000608484
10.3913
3.5564
0.000727194
10.7849
3.56762
0.000841341
11.179
3.58602
0.00094654
11.5736
3.61053
0.00103875
11.9687
3.64051
0.00111442
12.3641
3.67456
0.00117065
0.193319
3.71157
0.00120528
0.638136
4.0625
0.000421366
1.03387
4.10093
0.000417317
1.42948
4.13794
0.000405328
1.82487
4.17199
0.000385859
2.21993
4.20197
0.000359658
2.61456
4.22648
0.000327732
3.0087
4.24488
0.000291308
3.40228
4.2561
0.000251785
3.79529
4.26009
0.000210683
4.18769
4.25628
0.000169581
4.57951
4.24523
0.000130058
4.97077
4.22693
9.36337e-05
5.36154
4.20247
6.17076e-05
5.75187
4.17244
3.55064e-05
6.14189
4.13829
1.60373e-05
6.53166
4.10112
4.04821e-06
7.31098
4.02388
4.04821e-06
7.70076
3.98671
1.60373e-05
8.09077
3.95256
3.55064e-05
8.4811
3.92253
6.17076e-05
8.87187
3.89807
9.36337e-05
9.26313
3.87977
0.000130058
9.65496
3.86872
0.000169581
10.0474
3.86491
0.000210683
10.4404
3.8689
0.000251785
10.8339
3.88012
0.000291308
11.2281
3.89852
0.000327732
11.6227
3.92303
0.000359658
12.0178
3.95301
0.000385859
12.4132
3.98706
0.000405328
0.242406
4.02407
0.000417317
0.687223
4.375
0.000130759
1.08295
4.41343
0.000129503
1.47857
4.45044
0.000125782
1.87395
4.48449
0.000119741
2.26901
4.51447
0.00011161
2.66364
4.53898
0.000101703
3.05779
4.55738
9.03993e-05
3.45137
4.5686
7.81345e-05
3.84438
4.57259
6.53796e-05
4.23677
4.56878
5.26247e-05
4.6286
4.55773
4.03599e-05
5.01986
4.53943
2.90566e-05
5.41063
4.51497
1.91492e-05
5.80096
4.48494
1.10184e-05
6.19097
4.45079
4.97672e-06
6.58075
4.41362
1.25625e-06
7.36007
4.33638
1.25625e-06
7.74984
4.29921
4.97672e-06
8.13986
4.26506
1.10184e-05
8.53019
4.23503
1.91492e-05
8.92096
4.21057
2.90566e-05
9.31222
4.19227
4.03599e-05
9.70404
4.18122
5.26247e-05
10.0964
4.17741
6.53796e-05
10.4894
4.1814
7.81345e-05
10.883
4.19262
9.03993e-05
11.2772
4.21102
0.000101703
11.6718
4.23553
0.00011161
12.0669
4.26551
0.000119741
12.4622
4.29956
0.000125782
0.291493
4.33657
0.000129503
0.736311
4.6875
3.64276e-05
1.13204
4.72593
3.60777e-05
1.52766
4.76294
3.50412e-05
1.92304
4.79699
3.3358e-05
2.3181
4.82697
3.10929e-05
2.71273
4.85148
2.83329e-05
3.10688
4.86988
2.51839e-05
3.50046
4.8811
2.17672e-05
3.89347
4.88509
1.82138e-05
4.28586
4.88128
1.46605e-05
4.67769
4.87023
1.12437e-05
5.06894
4.85193
8.09476e-06
5.45971
4.82747
5.3347e-06
5.85005
4.79744
3.06958e-06
6.24006
4.76329
1.38644e-06
6.62984
4.72612
3.49973e-07
7.40916
4.64888
3.49973e-07
7.79893
4.61171
1.38644e-06
8.18894
4.57756
3.06958e-06
8.57928
4.54753
5.3347e-06
8.97005
4.52307
8.09476e-06
9.36131
4.50477
1.12437e-05
9.75313
4.49372
1.46605e-05
10.1455
4.48991
1.82138e-05
10.5385
4.4939
2.17672e-05
10.9321
4.50512
2.51839e-05
11.3263
4.52352
2.83329e-05
11.7209
4.54803
3.10929e-05
12.116
4.57801
3.3358e-05
12.5113
4.61206
3.50412e-05
0.340581
4.64907
3.60777e-05
0.785398
5
9.1224e-06
1.18113
5.03843
9.03475e-06
1.57675
5.07544
8.7752e-06
1.97213
5.10949
8.3537e-06
2.36719
5.13947
7.78645e-06
2.76182
5.16398
7.09526e-06
3.15596
5.18238
6.30669e-06
3.54954
5.1936
5.45104e-06
3.94255
5.19759
4.5612e-06
4.33495
5.19378
3.67135e-06
4.72677
5.18273
2.8157e-06
5.11803
5.16443
2.02713e-06
5.5088
5.13997
1.33594e-06
5.89914
5.10994
7.68701e-07
6.28915
5.07579
3.47201e-07
6.67892
5.03862
8.76421e-08
7.45824
4.96138
8.76421e-08
7.84802
4.92421
3.47201e-07
8.23803
4.89006
7.68701e-07
8.62837
4.86003
1.33594e-06
9.01914
4.83557
2.02713e-06
9.41039
4.81727
2.8157e-06
9.80222
4.80622
3.67135e-06
10.1946
4.80241
4.5612e-06
10.5876
4.8064
5.45104e-06
10.9812
4.81762
6.30669e-06
11.3753
4.83602
7.09526e-06
11.77
4.86053
7.78645e-06
12.165
4.89051
8.3537e-06
12.5604
4.92456
8.7752e-06
0.389668
4.96157
9.03475e-06
0.834486
5.3125
2.05578e-06
1.23022
5.35093
2.03603e-06
1.62583
5.38794
1.97753e-06
2.02122
5.42199
1.88255e-06
2.41628
5.45197
1.75472e-06
2.81091
5.47648
1.59895e-06
3.20505
5.49488
1.42124e-06
3.59863
5.5061
1.22842e-06
3.99164
5.51009
1.02789e-06
4.38404
5.50628
8.27357e-07
4.77586
5.49523
6.34532e-07
5.16712
5.47693
4.56824e-07
5.55789
5.45247
3.01062e-07
5.94822
5.42244
1.7323e-07
6.33824
5.38829
7.82433e-08
6.72801
5.35112
1.97506e-08
7.50733
5.27388
1.97506e-08
7.89711
5.23671
7.82433e-08
8.28712
5.20256
1.7323e-07
8.67745
5.17253
3.01062e-07
9.06822
5.14807
4.56824e-07
9.45948
5.12977
6.34532e-07
9.8513
5.11872
8.27357e-07
10.2437
5.11491
1.02789e-06
10.6367
5.1189
1.22842e-06
11.0303
5.13012
1.42124e-06
11.4244
5.14852
1.59895e-06
11.8191
5.17303
1.75472e-06
12.2141
5.20301
1.88255e-06
0.0431386
5.23706
1.97753e-06
0.438756
5.27407
2.03603e-06
0.883573
5.625
4.17273e-07
1.2793
5.66343
4.13264e-07
1.67492
5.70044
4.01392e-07
2.0703
5.73449
3.82112e-07
2.46536
5.76447
3.56165e-07
2.85999
5.78898
3.24549e-07
3.25414
5.80738
2.88478e-07
3.64772
5.8186
2.4934e-07
4.04073
5.82259
2.08637e-07
4.43312
5.81878
1.67934e-07
4.82495
5.80773
1.28795e-07
5.21621
5.78943
9.27243e-08
5.60698
5.76497
6.11083e-08
5.99731
5.73494
3.51616e-08
6.38732
5.70079
1.58815e-08
6.7771
5.66362
4.00889e-09
7.55642
5.58638
4.00889e-09
7.94619
5.54921
1.58815e-08
8.3362
5.51506
3.51616e-08
8.72654
5.48503
6.11083e-08
9.11731
5.46057
9.27243e-08
9.50857
5.44227
1.28795e-07
9.90039
5.43122
1.67934e-07
10.2928
5.42741
2.08637e-07
10.6858
5.4314
2.4934e-07
11.0794
5.44262
2.88478e-07
11.4735
5.46102
3.24549e-07
11.8682
5.48553
3.56165e-07
12.2632
5.51551
3.82112e-07
0.092226
5.54956
4.01392e-07
0.487843
5.58657
4.13264e-07
0.93266
5.9375
7.63429e-08
1.32839
5.97593
7.56095e-08
1.72401
6.01294
7.34373e-08
2.11939
6.04699
6.99099e-08
2.51445
6.07697
6.51628e-08
2.90908
6.10148
5.93784e-08
3.30323
6.11988
5.2779e-08
3.69681
6.1311
4.56183e-08
4.08982
6.13509
3.81715e-08
4.48221
6.13128
3.07246e-08
4.87404
6.12023
2.35639e-08
5.26529
6.10193
1.69645e-08
5.65606
6.07747
1.11802e-08
6.0464
6.04744
6.43305e-09
6.43641
6.01329
2.90563e-09
7.99528
5.86171
2.90563e-09
8.38529
5.82756
6.43305e-09
8.77563
5.79753
1.11802e-08
9.1664
5.77307
1.69645e-08
9.55765
5.75477
2.35639e-08
9.94948
5.74372
3.07246e-08
10.3419
5.73991
3.81715e-08
10.7349
5.7439
4.56183e-08
11.1285
5.75512
5.2779e-08
11.5226
5.77352
5.93784e-08
11.9172
5.79803
6.51628e-08
12.3123
5.82801
6.99099e-08
0.141313
5.86206
7.34373e-08
0.53693
5.89907
7.56095e-08
0.981748
6.25
1.25978e-08
1.37748
6.28843
1.24768e-08
1.77309
6.32544
1.21184e-08
2.16848
6.35949
1.15363e-08
2.56354
6.38947
1.07529e-08
2.95817
6.41398
9.79841e-09
3.35231
6.43238
8.70941e-09
3.74589
6.4436
7.52778e-09
4.1389
6.44759
6.29892e-09
4.5313
6.44378
5.07006e-09
4.92312
6.43273
3.88843e-09
5.31438
6.41443
2.79943e-09
5.70515
6.38997
1.84491e-09
6.09549
6.35994
1.06156e-09
8.43438
6.14006
1.06156e-09
8.82471
6.11003
1.84491e-09
9.21549
6.08557
2.79943e-09
9.60674
6.06727
3.88843e-09
9.99857
6.05622
5.07006e-09
10.391
6.05241
6.29892e-09
10.784
6.0564
7.52778e-09
11.1776
6.06762
8.70941e-09
11.5717
6.08602
9.79841e-09
11.9663
6.11053
1.07529e-08
12.3614
6.14051
1.15363e-08
0.190401
6.17456
1.21184e-08
0.586018
6.21157
1.24768e-08
1.03084
6.5625
1.87602e-09
1.42656
6.60093
1.858e-09
1.82218
6.63794
1.80462e-09
2.21757
6.67199
1.71794e-09
2.61263
6.70197
1.60128e-09
3.00725
6.72648
1.45914e-09
3.4014
6.74488
1.29697e-09
3.79498
6.7561
1.12101e-09
10.8331
6.3689
1.12101e-09
11.2266
6.38012
1.29697e-09
11.6208
6.39852
1.45914e-09
12.0154
6.42303
1.60128e-09
12.4105
6.45301
1.71794e-09
0.239488
6.48706
1.80462e-09
0.635105
6.52407
1.858e-09
