number of particles = 25728
0.0141421
0.03125
0.0141324
0.0625
0.0141036
0.09375
0.0140556
0.125
0.0139885
0.15625
0.0139025
0.1875
0.0137977
0.21875
0.0136745
0.25
0.0135331
0.28125
0.0133737
0.3125
0.0131968
0.34375
0.0130026
0.375
0.0127917
0.40625
0.0125644
0.4375
0.0123213
0.46875
0.0120629
0.5
0.0117896
0.53125
0.0115022
0.5625
0.0112012
0.59375
0.0108871
0.625
0.0105608
0.65625
0.0102228
0.6875
0.00987387
0.71875
0.00951472
0.75
0.00914611
0.78125
0.00876877
0.8125
0.00838347
0.84375
0.00799101
0.875
0.00759218
0.90625
0.00718777
0.9375
0.0067786
0.96875
0.00636547
1
0.00594923
1.03125
0.00553067
1.0625
0.0051106
1.09375
0.00468985
1.125
0.00426922
1.15625
0.00384953
1.1875
0.00343156
1.21875
0.00301609
1.25
0.0026039
1.28125
0.00219575
1.3125
0.00179238
1.34375
0.00139451
1.375
0.00100285
1.40625
0.000618091
1.4375
0.000240905
1.46875
0.000128166
1.5
0.000488314
1.53125
0.00083908
1.5625
0.00117987
1.59375
0.00151016
1.625
0.00182942
1.65625
0.00213718
1.6875
0.002433
1.71875
0.00271646
1.75
0.00298717
1.78125
0.00324478
1.8125
0.00348899
1.84375
0.00371949
1.875
0.00393604
1.90625
0.00413843
1.9375
0.00432646
1.96875
0.00450006
2
0.00465893
2.03125
0.00480312
2.0625
0.00493269
2.09375
0.00504745
2.125
0.00514748
2.15625
0.00523284
2.1875
0.00530362
2.21875
0.00535993
2.25
0.00540193
2.28125
0.00542978
2.3125
0.0054437
2.34375
0.00544394
2.375
0.00543074
2.40625
0.0054044
2.4375
0.00536525
2.46875
0.00531362
2.5
0.00524987
2.53125
0.00517439
2.5625
0.0050876
2.59375
0.0049899
2.625
0.00488177
2.65625
0.00476364
2.6875
0.00463602
2.71875
0.00449937
2.75
0.00435421
2.78125
0.00420106
2.8125
0.00404044
2.84375
0.00387289
2.875
0.00369894
2.90625
0.00351915
2.9375
0.00333407
2.96875
0.00314434
3
0.00295024
3.03125
0.0027525
3.0625
0.00255191
3.09375
0.00234869
3.125
0.0021435
3.15625
0.00193689
3.1875
0.00172939
3.21875
0.00152153
3.25
0.00131383
3.28125
0.00110681
3.3125
0.000900966
3.34375
0.000696764
3.375
0.000494704
3.40625
0.000295288
3.4375
9.90452e-05
3.46875
9.42608e-05
3.5
0.000283195
3.53125
0.000467968
3.5625
0.000648086
3.59375
0.000823155
3.625
0.000992858
3.65625
0.00115689
3.6875
0.00131493
3.71875
0.0014667
3.75
0.00161195
3.78125
0.0017504
3.8125
0.00188188
3.84375
0.00200617
3.875
0.0021231
3.90625
0.00223253
3.9375
0.00233426
3.96875
0.00242823
4
0.00251444
4.03125
0.00259273
4.0625
0.00266299
4.09375
0.00272527
4.125
0.00277954
4.15625
0.00282585
4.1875
0.00286421
4.21875
0.00289468
4.25
0.00291732
4.28125
0.00293224
4.3125
0.00293952
4.34375
0.00293931
4.375
0.00293174
4.40625
0.00291696
4.4375
0.00289515
4.46875
0.00286651
4.5
0.00283121
4.53125
0.00278948
4.5625
0.00274155
4.59375
0.00268766
4.625
0.00262806
4.65625
0.00256295
4.6875
0.00249266
4.71875
0.00241746
4.75
0.0023376
4.78125
0.0022534
4.8125
0.00216514
4.84375
0.0020731
4.875
0.00197759
4.90625
0.00187892
4.9375
0.00177738
4.96875
0.00167335
5
0.00156704
5.03125
0.0014588
5.0625
0.001349
5.09375
0.00123784
5.125
0.00112568
5.15625
0.00101286
5.1875
0.000899521
5.21875
0.000786094
5.25
0.000672857
5.28125
0.000560059
5.3125
0.000448055
5.34375
0.000336972
5.375
0.000227091
5.40625
0.00011891
5.4375
1.5566e-05
5.46875
9.30423e-05
5.5
0.000195152
5.53125
0.000294974
5.5625
0.00039232
5.59375
0.000486814
5.625
0.000578328
5.65625
0.000666699
5.6875
0.00075172
5.71875
0.000833221
5.75
0.000911111
5.78125
0.000985295
5.8125
0.00105554
5.84375
0.00112177
5.875
0.00118397
5.90625
0.00124204
5.9375
0.00129588
5.96875
0.00134545
6
0.00139074
6.03125
0.00143171
6.0625
0.00146829
6.09375
0.00150044
6.125
0.00152824
6.15625
0.0015517
6.1875
0.00157085
6.21875
0.00158564
6.25
0.00159625
6.28125
0.00160251
6.3125
0.00160468
6.34375
0.00160279
6.375
0.00159693
6.40625
0.00158717
6.4375
0.00157361
6.46875
0.00155636
6.5
0.00153549
6.53125
0.00151121
6.5625
0.00148356
6.59375
0.00145276
6.625
0.00141884
6.65625
0.001382
6.6875
0.00134244
6.71875
0.00130029
6.75
0.0012555
6.78125
0.00120848
6.8125
0.00115931
6.84375
0.00110819
6.875
0.00105522
6.90625
0.00100066
6.9375
0.00094457
6.96875
0.000887127
7
0.000828736
7.03125
0.00076919
7.0625
0.000708896
7.09375
0.000647838
7.125
0.000586429
7.15625
0.000524717
7.1875
0.000463045
7.21875
0.000401203
7.25
0.000339412
7.28125
0.00027878
7.3125
0.000217406
7.34375
0.000158057
7.375
9.80816e-05
7.40625
4.173e-05
7.4375
2.18756e-05
7.46875
7.68805e-05
7.5
0.000131692
7.53125
0.000185985
7.5625
0.000238226
7.59375
0.00028905
7.625
0.000338199
7.65625
0.000385998
7.6875
0.000431048
7.71875
0.000474489
7.75
0.000516015
7.78125
0.000555538
7.8125
0.000592978
7.84375
0.000628125
7.875
0.000661092
7.90625
0.000691615
7.9375
0.000720034
7.96875
0.000746022
8
0.000769858
8.03125
0.000790834
8.0625
0.000809597
8.09375
0.000826017
8.125
0.000840106
8.15625
0.000851768
8.1875
0.00086108
8.21875
0.00086809
8.25
0.000872811
8.28125
0.000875278
8.3125
0.000875428
8.34375
0.000873452
8.375
0.0008693
8.40625
0.000863048
8.4375
0.000854704
8.46875
0.000844686
8.5
0.00083205
8.53125
0.000818444
8.5625
0.000802165
8.59375
0.000784675
8.625
0.000765265
8.65625
0.000744353
8.6875
0.000722036
8.71875
0.000698448
8.75
0.000673485
8.78125
0.000647187
8.8125
0.000619856
8.84375
0.000591636
8.875
0.000562373
8.90625
0.000532336
8.9375
0.000501548
8.96875
0.000469806
9
0.000437773
9.03125
0.000405229
9.0625
0.00037194
9.09375
0.000338583
9.125
0.000305272
9.15625
0.000271079
9.1875
0.00023756
9.21875
0.000203835
9.25
0.000170053
9.28125
0.000137504
9.3125
0.000103847
9.34375
7.43996e-05
9.375
4.53461e-05
9.40625
3.71337e-05
9.4375
3.92838e-05
9.46875
6.43782e-05
9.5
8.96714e-05
9.53125
0.000118388
9.5625
0.000145062
9.59375
0.000171286
9.625
0.000196754
9.65625
0.000221858
9.6875
0.00024652
9.71875
0.000269722
9.75
0.000291799
9.78125
0.000312824
9.8125
0.000332854
9.84375
0.000351648
9.875
0.000369427
9.90625
0.000385155
9.9375
0.000399582
9.96875
0.000413249
10
0.000425193
10.0312
0.000436577
10.0625
0.000446292
10.0938
0.00045488
10.125
0.000461646
10.1562
0.000467389
10.1875
0.000471814
10.2188
0.000475047
10.25
0.000476928
10.2812
0.000478344
10.3125
0.000477656
10.3438
0.000476827
10.375
0.000473126
10.4062
0.000469057
10.4375
0.000464372
10.4688
0.000457774
10.5
0.000451309
10.5312
0.000442882
10.5625
0.000433558
10.5938
0.000424295
10.625
0.000413304
10.6562
0.000401182
10.6875
0.000388511
10.7188
0.000375402
10.75
0.000361725
10.7812
0.000347606
10.8125
0.000332413
10.8438
0.000316545
10.875
0.00029949
10.9062
0.000283699
10.9375
0.000266416
10.9688
0.000249637
11
0.000231008
11.0312
0.000213516
11.0625
0.000195684
11.0938
0.000176805
11.125
0.000163363
11.1562
0.000141996
11.1875
0.000122851
11.2188
0.00010565
11.25
8.53778e-05
11.2812
7.64881e-05
11.3125
5.31171e-05
11.3438
3.87305e-05
11.375
2.55806e-05
11.4062
1.60018e-05
11.4375
2.66207e-05
11.4688
4.30938e-05
11.5
5.4995e-05
11.5312
7.1158e-05
11.5625
8.66193e-05
11.5938
0.000102773
11.625
0.000118457
11.6562
0.000129892
11.6875
0.000142255
11.7188
0.000155689
11.75
0.000170864
11.7812
0.000177371
11.8125
0.000186774
11.8438
0.000199872
11.875
0.000206358
11.9062
0.000214427
11.9375
0.000224439
11.9688
0.0002304
12
0.000234783
12.0312
0.000241475
12.0625
0.000247878
12.0938
0.00025166
12.125
0.000255051
12.1562
0.000258579
12.1875
0.000259932
12.2188
0.000263215
12.25
0.000261606
12.2812
0.000262875
12.3125
0.00026119
12.3438
0.000259375
12.375
0.000258781
12.4062
0.00025547
12.4375
0.000251731
12.4688
0.00024901
12.5
0.000243966
12.5312
0.000240252
12.5625
0.000235955
12.5938
0.000229664
12.625
0.000223097
12.6562
0.000216417
12.6875
0.000209779
12.7188
0.00020274
12.75
0.0001959
12.7812
0.000187051
12.8125
0.00018339
12.8438
0.000169205
12.875
0.000164012
12.9062
0.000157877
12.9375
0.000142262
12.9688
0.000138971
13
0.000125875
13.0312
0.000118152
13.0625
0.000110275
13.0938
9.6326e-05
13.125
8.88782e-05
13.1562
7.53777e-05
13.1875
6.65027e-05
13.2188
5.85194e-05
13.25
5.11039e-05
13.2812
3.79438e-05
13.3125
2.79915e-05
13.3438
4.27507e-05
13.375
2.01713e-05
13.4062
3.46202e-05
13.4375
3.80316e-05
13.4688
3.76559e-05
13.5
3.58826e-05
13.5312
4.71532e-05
13.5625
5.91887e-05
13.5938
6.21971e-05
13.625
7.11852e-05
13.6562
7.48587e-05
13.6875
8.35842e-05
13.7188
9.39477e-05
13.75
9.90812e-05
13.7812
0.000100971
13.8125
0.00011625
13.8438
0.000112232
13.875
0.000120339
13.9062
0.000126642
13.9375
0.000129427
13.9688
0.000128697
14
0.00013694
14.0312
0.000137099
14.0625
0.000137907
14.0938
0.000141404
14.125
0.000143242
14.1562
0.000142131
14.1875
0.00014359
14.2188
0.000148686
14.25
0.000143997
14.2812
0.000143744
14.3125
0.000146902
14.3438
0.00014713
14.375
0.000141141
14.4062
0.000141378
14.4375
0.000139466
14.4688
0.000138709
14.5
0.000134394
14.5312
0.000136235
14.5625
0.000129414
14.5938
0.000133039
14.625
0.00013299
14.6562
0.000121764
14.6875
0.000115315
14.7188
0.000124665
14.75
0.000109154
14.7812
0.000104028
14.8125
0.000101685
14.8438
9.90224e-05
14.875
8.72534e-05
14.9062
8.42531e-05
14.9375
8.38496e-05
14.9688
7.4609e-05
15
6.59854e-05
15.0312
6.56932e-05
15.0625
7.95522e-05
15.0938
5.84309e-05
15.125
5.47659e-05
15.1562
4.37289e-05
15.1875
7.15261e-05
15.2188
4.94893e-05
15.25
3.25139e-05
15.2812
2.98625e-05
15.3125
7.14095e-05
15.3438
3.93112e-05
15.375
2.21881e-05
15.4062
4.00082e-05
15.4375
4.79921e-05
15.4688
5.5895e-05
15.5
2.98548e-05
15.5312
6.90994e-05
15.5625
3.95758e-05
15.5938
6.18511e-05
15.625
5.72562e-05
15.6562
6.58446e-05
15.6875
6.34399e-05
15.7188
6.04156e-05
15.75
6.66227e-05
15.7812
6.41212e-05
15.8125
7.04482e-05
15.8438
6.47416e-05
15.875
7.72516e-05
15.9062
7.12432e-05
15.9375
7.60331e-05
15.9688
7.70516e-05
16
8.16359e-05
16.0312
7.86989e-05
16.0625
7.98128e-05
16.0938
8.758e-05
16.125
8.90791e-05
16.1562
8.61448e-05
16.1875
8.20044e-05
16.2188
0.000101639
16.25
8.5858e-05
16.2812
0.000105246
16.3125
8.81025e-05
16.3438
9.29203e-05
16.375
7.97828e-05
16.4062
9.7107e-05
16.4375
0.000103846
16.4688
8.35034e-05
16.5
7.69546e-05
16.5312
7.62768e-05
16.5625
0.000109927
16.5938
7.33869e-05
16.625
7.17997e-05
16.6562
7.69716e-05
16.6875
6.93368e-05
16.7188
6.94872e-05
16.75
6.35731e-05
16.7812
6.0375e-05
16.8125
6.51554e-05
16.8438
7.34058e-05
16.875
7.36029e-05
16.9062
6.2027e-05
16.9375
5.83471e-05
16.9688
6.10609e-05
17
5.63298e-05
17.0312
4.57243e-05
17.0625
4.83243e-05
17.0938
4.32591e-05
17.125
7.26785e-05
17.1562
4.33549e-05
17.1875
4.60512e-05
17.2188
5.9333e-05
17.25
6.35952e-05
17.2812
2.14082e-05
17.3125
3.74135e-05
17.3438
6.69852e-05
17.375
6.94939e-05
17.4062
3.00611e-05
17.4375
3.51804e-05
17.4688
3.94943e-05
17.5
4.79556e-05
17.5312
6.46924e-05
17.5625
3.61583e-05
17.5938
4.61263e-05
17.625
3.97354e-05
17.6562
8.38488e-05
17.6875
4.71479e-05
17.7188
3.90855e-05
17.75
4.64889e-05
17.7812
5.32927e-05
17.8125
8.48112e-05
17.8438
4.33095e-05
17.875
6.91099e-05
17.9062
6.4169e-05
17.9375
6.30129e-05
17.9688
7.01116e-05
18
7.09329e-05
18.0312
6.86938e-05
18.0625
5.91179e-05
18.0938
6.29591e-05
18.125
8.38074e-05
18.1562
7.98445e-05
18.1875
4.56836e-05
18.2188
5.77683e-05
18.25
6.02671e-05
18.2812
7.36253e-05
18.3125
5.32689e-05
18.3438
5.21702e-05
18.375
6.59581e-05
18.4062
7.02841e-05
18.4375
6.74099e-05
18.4688
5.45066e-05
18.5
4.75739e-05
18.5312
8.19007e-05
18.5625
5.61909e-05
18.5938
7.53284e-05
18.625
8.11482e-05
18.6562
9.3015e-05
18.6875
4.91498e-05
18.7188
4.37569e-05
18.75
6.80553e-05
18.7812
0.000117734
18.8125
4.04033e-05
18.8438
4.70642e-05
18.875
4.33576e-05
18.9062
8.28065e-05
18.9375
0.000108358
18.9688
4.56375e-05
19
3.04246e-05
19.0312
5.78031e-05
19.0625
5.46374e-05
19.0938
8.48688e-05
19.125
3.19073e-05
19.1562
3.68037e-05
19.1875
3.97638e-05
19.2188
4.01894e-05
19.25
4.67191e-05
19.2812
7.51575e-05
19.3125
3.88693e-05
19.3438
3.381e-05
19.375
4.4584e-05
19.4062
9.58499e-05
19.4375
6.20435e-05
19.4688
4.62542e-05
19.5
3.52119e-05
19.5312
7.39326e-05
19.5625
4.42226e-05
19.5938
3.87282e-05
19.625
3.71197e-05
19.6562
5.31373e-05
19.6875
8.91323e-05
19.7188
6.74844e-05
19.75
4.81681e-05
19.7812
4.32207e-05
19.8125
6.98926e-05
19.8438
6.21174e-05
19.875
0.000107458
19.9062
5.35987e-05
19.9375
6.04773e-05
19.9688
4.26189e-05
20
7.26387e-05
20.0312
9.37233e-05
20.0625
9.12783e-05
20.0938
4.01097e-05
20.125
4.24741e-05
20.1562
8.05672e-05
20.1875
4.75424e-05
20.2188
0.000103451
20.25
5.36788e-05
20.2812
8.69953e-05
20.3125
5.55911e-05
20.3438
4.00752e-05
20.375
4.12393e-05
20.4062
0.000107378
20.4375
0.000100048
20.4688
4.82624e-05
20.5
5.21628e-05
20.5312
4.21093e-05
20.5625
7.91859e-05
20.5938
8.44745e-05
20.625
4.89319e-05
20.6562
4.3595e-05
20.6875
4.55623e-05
20.7188
5.69821e-05
20.75
6.67597e-05
20.7812
5.88028e-05
20.8125
4.42435e-05
20.8438
4.36659e-05
20.875
5.98481e-05
20.9062
5.10836e-05
20.9375
2.87914e-05
20.9688
0.000101907
21
5.70383e-05
21.0312
7.44383e-05
21.0625
3.96077e-05
21.0938
3.59626e-05
21.125
4.20013e-05
21.1562
0.00012535
21.1875
8.84761e-05
21.2188
4.20135e-05
21.25
5.11689e-05
21.2812
3.86355e-05
21.3125
9.28072e-05
21.3438
0.00012914
21.375
5.20563e-05
21.4062
2.91404e-05
21.4375
4.40823e-05
21.4688
6.79435e-05
21.5
6.20613e-05
21.5312
0.000119254
21.5625
3.64954e-05
21.5938
5.15464e-05
21.625
3.85272e-05
21.6562
4.06969e-05
21.6875
5.88639e-05
21.7188
7.99522e-05
21.75
8.74294e-05
21.7812
3.50304e-05
21.8125
4.88731e-05
21.8438
4.13668e-05
21.875
5.56201e-05
21.9062
9.22165e-05
21.9375
7.10543e-05
21.9688
4.38914e-05
22
3.19774e-05
22.0312
7.65106e-05
22.0625
0.000107373
22.0938
7.44135e-05
22.125
6.37061e-05
22.1562
4.58921e-05
22.1875
6.46568e-05
22.2188
6.46168e-05
22.25
6.81106e-05
22.2812
0.000110517
22.3125
7.59775e-05
22.3438
6.08655e-05
22.375
5.10804e-05
22.4062
5.71506e-05
22.4375
6.06557e-05
22.4688
0.000159939
22.5
7.11398e-05
22.5312
4.74231e-05
22.5625
4.12594e-05
22.5938
3.76259e-05
22.625
0.000103773
22.6562
0.000104525
22.6875
9.81519e-05
22.7188
5.01118e-05
22.75
4.32869e-05
22.7812
9.88279e-05
22.8125
5.27769e-05
22.8438
5.32687e-05
22.875
0.000124382
22.9062
6.71225e-05
22.9375
7.95994e-05
22.9688
6.69278e-05
23
5.63747e-05
23.0312
9.16432e-05
23.0625
6.68203e-05
23.0938
7.12333e-05
23.125
5.21836e-05
23.1562
4.4928e-05
23.1875
7.624e-05
23.2188
6.80381e-05
23.25
5.62716e-05
23.2812
7.55783e-05
23.3125
5.32493e-05
23.3438
0.000101756
23.375
8.42557e-05
23.4062
9.92291e-05
23.4375
5.89079e-05
23.4688
8.37282e-05
23.5
4.84938e-05
23.5312
4.56603e-05
23.5625
6.73261e-05
23.5938
0.000126598
23.625
7.60218e-05
23.6562
8.76014e-05
23.6875
5.06216e-05
23.7188
6.68754e-05
23.75
5.66064e-05
23.7812
9.15297e-05
23.8125
0.000141146
23.8438
7.15496e-05
23.875
8.9771e-05
23.9062
5.58102e-05
23.9375
3.43361e-05
23.9688
3.84506e-05
24
0.000101008
24.0312
0.000145921
24.0625
6.80192e-05
24.0938
4.88408e-05
24.125
5.65527e-05
24.1562
5.55943e-05
24.1875
9.73148e-05
24.2188
0.000106002
24.25
8.82823e-05
24.2812
4.33177e-05
24.3125
6.56381e-05
24.3438
9.04937e-05
24.375
9.08113e-05
24.4062
7.39145e-05
24.4375
6.05875e-05
24.4688
9.51564e-05
24.5
9.15775e-05
24.5312
0.000114917
24.5625
8.71721e-05
24.5938
4.41133e-05
24.625
4.36661e-05
24.6562
3.87112e-05
24.6875
9.42592e-05
24.7188
0.000124614
24.75
7.87849e-05
24.7812
5.05812e-05
24.8125
3.84504e-05
24.8438
5.43852e-05
24.875
7.14332e-05
24.9062
0.000106076
24.9375
0.000141979
24.9688
9.28398e-05
25
5.27174e-05
25.0312
6.36327e-05
25.0625
0.000108709
25.0938
5.44576e-05
25.125
5.31908e-05
25.1562
0.000159498
25.1875
8.24709e-05
25.2188
0.000103859
25.25
9.85932e-05
25.2812
4.56568e-05
25.3125
5.70796e-05
25.3438
5.80019e-05
25.375
0.000133619
25.4062
0.000146498
25.4375
6.93392e-05
25.4688
5.85043e-05
25.5
5.96787e-05
25.5312
6.32381e-05
25.5625
8.50337e-05
25.5938
8.74617e-05
25.625
0.000126689
25.6562
8.97095e-05
25.6875
7.91148e-05
25.7188
8.62232e-05
25.75
0.000120237
25.7812
9.60415e-05
25.8125
0.000113134
25.8438
0.000124765
25.875
9.78509e-05
25.9062
9.89376e-05
25.9375
0.000108009
25.9688
6.86678e-05
26
6.57705e-05
26.0312
6.78411e-05
26.0625
0.000127399
26.0938
0.000158473
26.125
8.7983e-05
26.1562
7.78478e-05
26.1875
7.55277e-05
26.2188
8.2686e-05
26.25
0.000116134
26.2812
0.000134841
26.3125
0.000179079
26.3438
0.00010595
26.375
0.000100089
26.4062
0.000102664
26.4375
0.000112685
26.4688
6.99039e-05
26.5
6.23694e-05
26.5312
0.000135754
26.5625
0.000114513
26.5938
8.46637e-05
26.625
9.56031e-05
26.6562
0.000103899
26.6875
9.53435e-05
26.7188
0.000106197
26.75
0.000118369
26.7812
0.000182455
26.8125
0.000128975
26.8438
0.000106013
26.875
0.000103151
26.9062
9.12636e-05
26.9375
8.68206e-05
26.9688
8.00888e-05
27
5.63653e-05
27.0312
0.000116028
27.0625
7.76961e-05
27.0938
9.98878e-05
27.125
0.000100918
27.1562
0.000120089
27.1875
0.000149246
27.2188
0.000150619
27.25
0.00012449
27.2812
0.000161275
27.3125
0.000111363
27.3438
9.39455e-05
27.375
7.98798e-05
27.4062
6.73706e-05
27.4375
0.000132524
27.4688
0.000133027
27.5
0.000101105
27.5312
0.000120324
27.5625
0.000108303
27.5938
0.000124392
27.625
0.000116861
27.6562
0.000120377
27.6875
0.000194652
27.7188
0.000154273
27.75
0.000102282
27.7812
9.84028e-05
27.8125
7.9175e-05
27.8438
7.0009e-05
27.875
5.28872e-05
27.9062
6.91927e-05
27.9375
0.000168317
27.9688
0.000129781
28
9.60947e-05
28.0312
9.37445e-05
28.0625
0.000107678
28.0938
0.000100321
28.125
0.000118547
28.1562
0.000109994
28.1875
0.000114457
28.2188
0.000124139
28.25
8.15361e-05
28.2812
7.17747e-05
28.3125
0.000101842
28.3438
9.00987e-05
28.375
0.000103714
28.4062
9.1377e-05
28.4375
0.000101648
28.4688
0.000133588
28.5
8.72822e-05
28.5312
7.9357e-05
28.5625
0.000113643
28.5938
0.000133477
28.625
0.000107962
28.6562
7.06101e-05
28.6875
7.30442e-05
28.7188
8.61285e-05
28.75
6.39668e-05
28.7812
8.5671e-05
28.8125
0.000102161
28.8438
0.000158169
28.875
0.0001285
28.9062
9.84804e-05
28.9375
8.17788e-05
28.9688
7.81681e-05
29
0.000114062
29.0312
6.15955e-05
29.0625
9.16095e-05
29.0938
0.00013846
29.125
0.000146305
29.1562
7.2513e-05
29.1875
5.40288e-05
29.2188
8.5945e-05
29.25
7.62213e-05
29.2812
9.33493e-05
29.3125
7.18419e-05
29.3438
6.36698e-05
29.375
0.000170556
29.4062
9.13343e-05
29.4375
9.49407e-05
29.4688
7.15071e-05
29.5
6.50936e-05
29.5312
6.05897e-05
29.5625
5.78268e-05
29.5938
8.45417e-05
29.625
6.63261e-05
29.6562
0.00014196
29.6875
7.93857e-05
29.7188
8.83643e-05
29.75
9.29022e-05
29.7812
9.12783e-05
29.8125
9.30813e-05
29.8438
8.01567e-05
29.875
8.11544e-05
29.9062
8.18774e-05
29.9375
0.00011238
29.9688
0.000129493
30
