1.41272
0.125
1.38867
0.25
1.31858
0.375
1.20658
0.5
1.05917
0.625
0.884826
0.75
0.694055
0.875
0.499236
1
0.314319
1.125
0.156548
1.25
0.0788668
1.375
0.135987
1.5
0.197035
1.625
0.228771
1.75
0.229835
1.875
0.203156
2
0.153843
2.125
0.0897556
2.25
0.039748
2.375
0.0894466
2.5
0.162449
2.625
0.227538
2.75
0.278131
2.875
0.311273
3
0.32623
3.125
0.32402
3.25
0.307079
3.375
0.278817
3.5
0.243466
3.625
0.205016
3.75
0.167881
3.875
0.135065
4
0.109175
4.125
0.0917638
4.25
0.0829586
4.375
0.0820764
4.5
0.0880099
4.625
0.099016
4.75
0.112451
4.875
0.127345
5
0.141357
5.125
0.151811
5.25
0.159824
5.375
0.164853
5.5
0.164145
5.625
0.158958
5.75
0.153965
5.875
0.147305
6
0.138882
6.125
0.130201
6.25
0.120536
6.375
0.116741
6.5
0.114019
6.625
0.109663
6.75
0.108202
6.875
0.111952
7
0.1098
7.125
0.10457
7.25
0.103116
7.375
0.102819
7.5
0.094893
7.625
0.0868193
7.75
0.0778676
7.875
0.070688
8
0.0721139
8.125
0.0757799
8.25
0.0783544
8.375
0.0648001
8.5
0.0418201
8.625
0.0371503
8.75
0.0568782
8.875
0.0648129
9
0.0548798
9.125
0.0296479
9.25
0.0241773
9.375
0.0271244
9.5
0.0355975
9.625
0.0470674
9.75
0.0500902
9.875
0.0487597
10
0.0486432
10.125
0.0521515
10.25
0.0592683
10.375
0.0485996
10.5
0.0489567
10.625
0.0569868
10.75
0.0599805
10.875
0.0519107
11
0.0495283
11.125
0.0637435
11.25
0.0842477
11.375
0.100293
11.5
0.114267
11.625
0.135046
11.75
0.145726
11.875
0.140302
12
0.126817
12.125
0.11025
12.25
0.100757
12.375
0.0994001
12.5
0.0955394
12.625
0.102669
12.75
0.123371
12.875
0.131043
13
0.114742
13.125
0.0920538
13.25
0.0853269
13.375
0.0997457
13.5
0.106845
13.625
0.103245
13.75
0.0970851
13.875
0.100652
14
0.109753
14.125
0.112207
14.25
0.107574
14.375
0.0956694
14.5
0.0916093
14.625
0.0950206
14.75
0.0989654
14.875
0.104675
15
6.6697
-6.95573
1.87602e-09
7.60687
-6.93523
1.858e-09
8.84217
-6.91396
1.80462e-09
10.372
-6.86705
1.71794e-09
12.1029
-6.82102
1.60128e-09
1.41723
-6.72106
1.45914e-09
3.42778
-6.6132
1.29697e-09
5.52425
-6.51179
1.12101e-09
8.01125
-6.72938
1.12101e-09
7.00767
-6.80324
1.29697e-09
6.25104
-6.87168
1.45914e-09
5.76528
-6.91337
1.60128e-09
5.54526
-6.94856
1.71794e-09
5.56062
-6.9741
1.80462e-09
5.90911
-6.97853
1.858e-09
12.0017
-6.73604
1.25978e-08
0.480387
-6.68697
1.24768e-08
1.82616
-6.63072
1.21184e-08
3.29927
-6.55844
1.15363e-08
5.14139
-6.45938
1.07529e-08
7.09524
-6.38686
9.79841e-09
9.22654
-6.31909
8.70941e-09
11.4277
-6.2492
7.52778e-09
1.06071
-6.14493
6.29892e-09
3.2794
-6.01873
5.07006e-09
5.254
-5.91623
3.88843e-09
7.08527
-5.84272
2.79943e-09
8.67862
-5.78501
1.84491e-09
9.88185
-5.76739
1.06156e-09
9.29645
-5.89854
1.06156e-09
8.08057
-5.95447
1.84491e-09
6.72671
-6.04529
2.79943e-09
5.24638
-6.14909
3.88843e-09
3.81942
-6.25133
5.07006e-09
2.42934
-6.36993
6.29892e-09
1.1532
-6.47197
7.52778e-09
0.0687979
-6.57042
8.70941e-09
11.8146
-6.62363
9.79841e-09
11.19
-6.68366
1.07529e-08
10.9155
-6.71113
1.15363e-08
10.9647
-6.73149
1.21184e-08
11.3139
-6.74375
1.24768e-08
4.77751
-6.40391
7.63429e-08
5.80654
-6.3612
7.56095e-08
7.1356
-6.31232
7.34373e-08
8.8073
-6.26095
6.99099e-08
10.6501
-6.21947
6.51628e-08
0.223904
-6.13745
5.93784e-08
2.44147
-6.0226
5.2779e-08
4.81868
-5.88654
4.56183e-08
7.15082
-5.78062
3.81715e-08
9.54147
-5.70659
3.07246e-08
11.7219
-5.64533
2.35639e-08
1.24606
-5.53264
1.69645e-08
2.97107
-5.43865
1.11802e-08
4.37019
-5.36548
6.43305e-09
5.34033
-5.32362
2.90563e-09
4.62685
-5.43366
2.90563e-09
3.47944
-5.52194
6.43305e-09
2.08351
-5.64412
1.11802e-08
0.503147
-5.76142
1.69645e-08
11.4456
-5.87076
2.35639e-08
9.79173
-5.96181
3.07246e-08
8.26709
-6.0286
3.81715e-08
6.90791
-6.1183
4.56183e-08
5.69519
-6.20648
5.2779e-08
4.77396
-6.28066
5.93784e-08
4.09833
-6.34436
6.51628e-08
3.76922
-6.38899
6.99099e-08
3.73873
-6.41647
7.34373e-08
4.1326
-6.40658
7.56095e-08
10.0079
-6.15673
4.17273e-07
11.0394
-6.13318
4.13264e-07
12.4713
-6.09328
4.01392e-07
1.63139
-6.00724
3.82112e-07
3.57388
-5.9013
3.56165e-07
5.8575
-5.78321
3.24549e-07
8.22313
-5.68656
2.88478e-07
10.7918
-5.61705
2.4934e-07
0.844606
-5.50349
2.08637e-07
3.46003
-5.35127
1.67934e-07
5.99752
-5.21895
1.28795e-07
8.35998
-5.11909
9.27243e-08
10.5035
-5.07462
6.11083e-08
12.1896
-5.02515
3.51616e-08
0.788055
-4.95506
1.58815e-08
1.3271
-4.93314
4.00889e-09
0.598136
-5.01283
4.00889e-09
12.0405
-5.10486
1.58815e-08
10.5645
-5.17974
3.51616e-08
8.87622
-5.24985
6.11083e-08
7.05312
-5.35071
9.27243e-08
5.12482
-5.48161
1.28795e-07
3.30481
-5.6124
1.67934e-07
1.55953
-5.756
2.08637e-07
0.000648396
-5.87958
2.4934e-07
11.2595
-5.95968
2.88478e-07
10.1563
-6.03334
3.24549e-07
9.39664
-6.08669
3.56165e-07
9.00726
-6.12155
3.82112e-07
8.98645
-6.14442
4.01392e-07
9.30468
-6.15835
4.13264e-07
2.5763
-5.87496
2.05578e-06
3.60679
-5.8285
2.03603e-06
5.09558
-5.76088
1.97753e-06
6.90988
-5.68832
1.88255e-06
9.0254
-5.6193
1.75472e-06
11.4282
-5.55735
1.59895e-06
1.54681
-5.42492
1.42124e-06
4.36991
-5.26304
1.22842e-06
7.37071
-5.11803
1.02789e-06
10.5976
-5.02774
8.27357e-07
1.38329
-4.86308
6.34532e-07
4.60426
-4.64782
4.56824e-07
7.29436
-4.48142
3.01062e-07
9.16981
-4.39879
1.7323e-07
10.1983
-4.37987
7.82433e-08
10.4524
-4.38562
1.97506e-08
9.08962
-4.45752
1.97506e-08
7.64458
-4.53747
7.82433e-08
5.73547
-4.6838
1.7323e-07
3.592
-4.84141
3.01062e-07
1.32363
-5.02607
4.56824e-07
11.5758
-5.19287
6.34532e-07
9.4086
-5.29911
8.27357e-07
7.47351
-5.3852
1.02789e-06
5.7156
-5.50542
1.22842e-06
4.22378
-5.6166
1.42124e-06
2.99064
-5.72299
1.59895e-06
2.12024
-5.81343
1.75472e-06
1.66231
-5.86348
1.88255e-06
1.57981
-5.89211
1.97753e-06
1.8683
-5.90041
2.03603e-06
7.48982
-5.58292
9.1224e-06
8.64642
-5.55835
9.03475e-06
10.1795
-5.5374
8.7752e-06
12.1094
-5.48691
8.3537e-06
1.89643
-5.36381
7.78645e-06
4.56134
-5.21268
7.09526e-06
7.59267
-5.0698
6.30669e-06
11.1567
-4.97907
5.45104e-06
2.78647
-4.75026
4.5612e-06
7.34121
-4.44447
3.67135e-06
11.4231
-4.29642
2.8157e-06
2.29225
-4.05281
2.02713e-06
4.34219
-3.96447
1.33594e-06
5.84582
-3.88693
7.68701e-07
6.42888
-3.84564
3.47201e-07
6.21862
-3.88048
8.76421e-08
3.97703
-4.05523
8.76421e-08
2.39366
-4.15984
3.47201e-07
0.389391
-4.34175
7.68701e-07
10.5783
-4.4596
1.33594e-06
8.1418
-4.56204
2.02713e-06
5.60609
-4.74495
2.8157e-06
3.10354
-4.93803
3.67135e-06
0.776763
-5.12076
4.5612e-06
11.2675
-5.26399
5.45104e-06
9.51962
-5.36055
6.30669e-06
8.14713
-5.42423
7.09526e-06
7.19956
-5.49515
7.78645e-06
6.61908
-5.5533
8.3537e-06
6.47463
-5.58661
8.7752e-06
6.78673
-5.59195
9.03475e-06
12.2529
-5.40481
3.64276e-05
0.89329
-5.34788
3.60777e-05
2.55049
-5.27459
3.50412e-05
4.70635
-5.16121
3.3358e-05
7.3376
-5.04402
3.10929e-05
10.6117
-4.9653
2.83329e-05
2.43111
-4.75103
2.51839e-05
7.73974
-4.39568
2.17672e-05
0.679853
-4.16951
1.82138e-05
5.15488
-3.89675
1.46605e-05
8.63368
-3.64533
1.12437e-05
11.1673
-3.56863
8.09476e-06
0.117531
-3.5752
5.3347e-06
0.790251
-3.56705
3.06958e-06
0.723618
-3.58941
1.38644e-06
0.0752633
-3.63085
3.49973e-07
9.9763
-3.74403
3.49973e-07
8.17821
-3.80219
1.38644e-06
6.06535
-3.97009
3.06958e-06
3.6337
-4.13751
5.3347e-06
1.30973
-4.30168
8.09476e-06
11.276
-4.48261
1.12437e-05
8.74686
-4.58214
1.46605e-05
6.34785
-4.73786
1.82138e-05
4.11931
-4.90419
2.17672e-05
2.17071
-5.08287
2.51839e-05
0.661893
-5.20039
2.83329e-05
12.1001
-5.30417
3.10929e-05
11.4352
-5.35643
3.3358e-05
11.2146
-5.39057
3.50412e-05
11.4981
-5.4079
3.60777e-05
4.10939
-5.11283
0.000130759
5.46953
-5.06531
0.000129503
7.36154
-4.99659
0.000125782
9.99265
-4.94344
0.000119741
1.23196
-4.78542
0.00011161
6.37788
-4.46313
0.000101703
12.4759
-4.22461
9.03993e-05
5.92835
-3.81847
7.81345e-05
10.5295
-3.56805
6.53796e-05
1.94341
-3.40877
5.26247e-05
4.37935
-3.13605
4.03599e-05
5.68745
-3.13006
2.90566e-05
6.37714
-3.19552
1.91492e-05
6.46792
-3.22149
1.10184e-05
6.00117
-3.22226
4.97672e-06
5.1203
-3.21923
1.25625e-06
2.04674
-3.55743
1.25625e-06
0.051927
-3.71077
4.97672e-06
10.4218
-3.77504
1.10184e-05
8.13003
-3.86392
1.91492e-05
5.67093
-4.05406
2.90566e-05
3.08323
-4.22489
4.03599e-05
0.724964
-4.40669
5.26247e-05
10.8448
-4.54935
6.53796e-05
8.6617
-4.64033
7.81345e-05
6.72149
-4.7717
9.03993e-05
5.14447
-4.89986
0.000101703
3.9801
-4.99545
0.00011161
3.26477
-5.07689
0.000119741
3.03888
-5.12464
0.000125782
3.3153
-5.1329
0.000129503
8.24519
-4.90546
0.000421366
10.0024
-4.89545
0.000417317
0.181699
-4.82805
0.000405328
4.42457
-4.55911
0.000385859
10.2889
-4.25572
0.000359658
4.12085
-3.88382
0.000327732
10.2132
-3.56582
0.000291308
3.13136
-3.24433
0.000251785
6.23498
-3.10574
0.000210683
9.37666
-2.93279
0.000169581
11.0385
-2.85807
0.000130058
11.7936
-2.85413
9.36337e-05
11.9302
-2.87563
6.17076e-05
11.5251
-2.91526
3.55064e-05
10.6574
-2.98808
1.60373e-05
9.36531
-3.08305
4.04821e-06
5.7785
-3.31073
4.04821e-06
3.66636
-3.41313
1.60373e-05
1.29701
-3.68993
3.55064e-05
11.4993
-3.77385
6.17076e-05
8.9602
-3.90024
9.36337e-05
6.59947
-4.02242
0.000130058
4.07683
-4.21546
0.000169581
1.80191
-4.3701
0.000210683
12.273
-4.55016
0.000251785
10.3604
-4.63606
0.000291308
8.83303
-4.7083
0.000327732
7.71157
-4.78372
0.000359658
7.03112
-4.85685
0.000385859
6.87614
-4.8989
0.000405328
7.27926
-4.91253
0.000417317
0.142234
-4.79021
0.00121697
3.12134
-4.62383
0.00120528
7.88386
-4.32652
0.00117065
1.81919
-3.99492
0.00111442
8.54184
-3.54587
0.00103875
2.10237
-3.34846
0.00094654
6.52443
-3.09747
0.000841341
10.9312
-2.8136
0.000727194
0.896703
-2.70057
0.000608484
2.08467
-2.76854
0.000489775
3.04252
-2.77419
0.000375627
3.48057
-2.74447
0.000270429
3.24825
-2.79823
0.000178221
2.52287
-2.89176
0.000102548
1.57876
-2.92794
4.63181e-05
0.399173
-2.93684
1.16919e-05
8.95404
-3.16394
1.16919e-05
6.67932
-3.37832
4.63181e-05
4.35502
-3.39106
0.000102548
1.60925
-3.71326
0.000178221
11.7373
-3.82388
0.000270429
9.15149
-3.94668
0.000375627
6.85365
-4.05294
0.000489775
4.47538
-4.24355
0.000608484
2.46117
-4.38461
0.000727194
0.627933
-4.54253
0.000841341
11.7726
-4.6542
0.00094654
10.7785
-4.7061
0.00103875
10.2656
-4.76178
0.00111442
10.3313
-4.79701
0.00117065
11.0625
-4.81652
0.00120528
6.38914
-4.3967
0.00314366
11.4022
-4.19636
0.00311346
5.11513
-3.8382
0.00302401
12.027
-3.45283
0.00287876
5.50581
-2.98261
0.00268328
10.7956
-2.7911
0.00244509
1.66656
-2.64112
0.00217334
4.31275
-2.53303
0.00187848
5.95037
-2.38247
0.00157183
7.02975
-2.37039
0.00126518
7.73077
-2.36432
0.000970316
7.91853
-2.38315
0.000698568
7.61399
-2.42137
0.000460378
6.74829
-2.47839
0.000264901
5.29424
-2.59658
0.000119648
3.5456
-2.85447
3.02023e-05
12.2643
-3.034
3.02023e-05
9.50911
-3.19471
0.000119648
6.82919
-3.4289
0.000264901
4.37584
-3.43608
0.000460378
1.40899
-3.78167
0.000698568
11.5289
-3.87629
0.000970316
8.94074
-4.00775
0.00126518
6.90555
-4.10461
0.00157183
4.75868
-4.28314
0.00187848
3.09204
-4.41529
0.00217334
1.91384
-4.50929
0.00244509
1.14572
-4.59048
0.00268328
0.948107
-4.64297
0.00287876
1.48802
-4.64797
0.00302401
3.19118
-4.58107
0.00311346
2.94805
-3.85573
0.00724388
9.184
-3.51393
0.00717429
3.56551
-3.12431
0.00696818
9.4492
-2.84371
0.00663348
1.4997
-2.58192
0.00618304
5.04776
-2.36537
0.00563419
7.39797
-2.28317
0.005008
9.08845
-2.28402
0.00432855
10.3901
-2.39362
0.00362194
11.4772
-2.32608
0.00291534
12.0958
-2.30476
0.00223588
12.2163
-2.31923
0.0016097
11.783
-2.37116
0.00106084
10.7252
-2.49412
0.000610407
9.42045
-2.56717
0.000275704
8.07701
-2.50692
6.95946e-05
2.42324
-3.04485
6.95946e-05
0.320123
-3.06485
0.000275704
9.70263
-3.22509
0.000610407
6.60381
-3.49752
0.00106084
4.1904
-3.49114
0.0016097
1.01512
-3.87148
0.00223588
11.3864
-3.9294
0.00291534
8.92756
-4.06202
0.00362194
7.11553
-4.16609
0.00432855
5.7338
-4.27439
0.005008
4.70868
-4.37317
0.00563419
4.41022
-4.42205
0.00618304
4.9972
-4.4155
0.00663348
6.68008
-4.34721
0.00696818
10.1147
-4.19942
0.00717429
0.299334
-3.42282
0.0148377
6.12605
-2.9719
0.0146951
12.5049
-2.66724
0.014273
3.99912
-2.54675
0.0135874
7.64875
-2.22834
0.0126648
9.79848
-2.32878
0.0115405
12.3207
-2.19777
0.0102579
1.6063
-2.11457
0.00886619
3.28745
-1.88103
0.00741885
4.53869
-1.91533
0.0059715
5.39151
-1.82806
0.00457978
5.44192
-1.86651
0.00329716
5.17346
-1.91395
0.00217293
4.29582
-2.00427
0.0012503
2.47658
-2.12393
0.000564726
12.2351
-2.40304
0.000142551
7.25623
-2.56173
0.000142551
3.04357
-3.01623
0.000564726
0.528731
-3.12297
0.0012503
9.92886
-3.24249
0.00217293
6.31109
-3.56887
0.00329716
4.3001
-3.52712
0.00457978
1.06213
-3.9146
0.0059715
11.6994
-3.99911
0.00741885
10.1691
-4.0516
0.00886619
8.95149
-4.13227
0.0102579
8.53503
-4.17483
0.0115405
9.15577
-4.17237
0.0126648
10.8295
-4.1434
0.0135874
2.25124
-3.89346
0.014273
7.41389
-3.57313
0.0146951
10.852
-2.69769
0.0268881
2.34175
-2.5486
0.0266298
6.88268
-2.22215
0.0258647
9.68046
-2.26149
0.0246223
0.403615
-2.10125
0.0229504
3.13096
-1.82247
0.0209131
5.2552
-1.76544
0.0185888
6.62105
-1.78239
0.0160668
8.51053
-1.65437
0.013444
9.7755
-1.68808
0.0108212
11.0616
-1.5555
0.00829923
11.2317
-1.56016
0.00597493
10.6594
-1.64328
0.00393767
9.07582
-1.76092
0.00226573
7.04824
-1.91267
0.00102337
5.087
-2.06685
0.000258323
10.6591
-2.59006
0.000258323
8.16651
-2.6527
0.00102337
3.97531
-2.90413
0.00226573
0.604699
-3.195
0.00393767
10.7595
-3.21904
0.00597493
6.58065
-3.60223
0.00829923
4.99955
-3.58782
0.0108212
3.33962
-3.66884
0.013444
1.63006
-3.89548
0.0160668
1.01181
-3.98646
0.0185888
1.88699
-3.89395
0.0209131
3.64939
-3.73364
0.0229504
6.85674
-3.64176
0.0246223
11.0242
-3.43401
0.0258647
5.03587
-2.88986
0.0266298
6.21723
-2.16936
0.0428216
9.3442
-2.10275
0.0424102
0.439053
-2.04042
0.0411918
3.45637
-1.72138
0.0392132
6.00232
-1.59989
0.0365505
8.05814
-1.65215
0.033306
10.4516
-1.59731
0.0296043
12.4716
-1.67199
0.0255878
1.71809
-1.49502
0.0214108
2.69666
-1.50876
0.0172337
3.81892
-1.27275
0.0132172
4.04493
-1.24056
0.00951559
3.31835
-1.42689
0.00627107
1.93829
-1.61945
0.00360837
12.5506
-1.8419
0.0016298
10.7366
-1.68463
0.000411402
4.50873
-2.14445
0.000411402
0.286852
-2.42302
0.0016298
8.27093
-2.78084
0.00360837
6.21946
-2.65346
0.00627107
1.30781
-3.25419
0.00951559
11.9617
-3.24389
0.0132172
10.3092
-3.2924
0.0172337
8.29874
-3.39659
0.0214108
7.1666
-3.56752
0.0255878
8.11767
-3.43644
0.0296043
9.77409
-3.39745
0.033306
11.7152
-3.38537
0.0365505
4.54384
-2.92132
0.0392132
8.2814
-2.9204
0.0411918
1.62785
-2.47671
0.0424102
12.4581
-2.06768
0.0593532
3.31292
-1.70122
0.058783
6.05654
-1.54946
0.0570942
8.48426
-1.55367
0.0543518
11.368
-1.42896
0.0506611
1.1548
-1.49626
0.046164
3.31037
-1.33507
0.0410334
5.73581
-0.992671
0.0354662
6.5657
-1.00948
0.0296766
7.92692
-1.10766
0.023887
8.45903
-1.25904
0.0183199
8.90641
-1.23149
0.0131892
8.25376
-1.29313
0.00869208
7.40669
-1.13747
0.00500141
5.64486
-1.2168
0.002259
2.84096
-1.59333
0.000570228
9.39777
-1.82178
0.000570228
4.71457
-2.26068
0.002259
3.32601
-2.11249
0.00500141
10.0335
-2.7034
0.00869208
7.59643
-2.79606
0.0131892
6.2497
-2.68251
0.0183199
3.25216
-3.07412
0.023887
1.74096
-3.26799
0.0296766
1.92765
-3.2574
0.0354662
3.94584
-2.98929
0.0410334
6.20329
-2.78529
0.046164
8.68571
-2.85871
0.0506611
1.06926
-2.50587
0.0543518
4.50713
-2.41015
0.0570942
8.79828
-2.05095
0.058783
5.38521
-1.65961
0.0705254
8.3444
-1.54676
0.0698478
11.2532
-1.41592
0.0678412
1.40419
-1.42204
0.0645825
3.98256
-1.13421
0.0601972
6.41116
-0.840998
0.0548536
7.78602
-1.01349
0.0487571
11.0666
-1.12341
0.0421421
2.26449
-1.03213
0.0352627
9.40836
0.091776
0.0283833
11.6153
-0.0406756
0.0217682
11.8159
-0.0642479
0.0156718
10.6424
0.0564263
0.0103282
4.82996
-0.716758
0.00594283
0.235804
-1.14439
0.00268421
8.31552
-1.34754
0.000677563
1.6865
-1.71886
0.000677563
11.5157
-1.90126
0.00268421
7.83984
-1.93476
0.00594283
3.8711
-2.37641
0.0103282
3.26701
-2.15563
0.0156718
0.411695
-2.47071
0.0217682
10.6558
-2.64995
0.0283833
9.73599
-2.7561
0.0352627
11.4637
-2.57341
0.0421421
0.567798
-2.5137
0.0487571
2.62416
-2.3255
0.0548536
5.15385
-2.26115
0.0601972
8.68725
-2.02963
0.0645825
11.0885
-2.20094
0.0678412
2.6432
-1.84174
0.0698478
11.1495
-1.40569
0.070045
1.19823
-1.42385
0.0693721
4.06495
-1.07303
0.0673791
6.102
-0.850063
0.0641427
7.50691
-0.956454
0.0597872
11.7193
-1.02926
0.05448
7.14077
-0.291684
0.0484251
3.01121
-0.160412
0.0418551
8.11759
0.625753
0.0350225
9.64087
0.782933
0.02819
10.4674
0.851812
0.02162
9.55381
0.752926
0.0155651
7.84693
0.505184
0.0102579
6.10686
0.34324
0.00590236
1.34258
-0.21222
0.00266593
10.0245
0.0890674
0.000672948
7.83047
-1.36886
0.000672948
5.23106
-1.32342
0.00266593
0.572282
-1.86778
0.00590236
11.2295
-1.94039
0.0102579
9.64076
-1.85665
0.0155651
7.05091
-2.02031
0.02162
4.83408
-2.30472
0.02819
4.79364
-2.31887
0.0350225
6.96202
-2.0498
0.0418551
8.52218
-1.99017
0.0484251
10.0683
-1.96849
0.05448
12.1709
-2.07819
0.0597872
3.08136
-1.70999
0.0641427
5.17007
-1.67644
0.0673791
8.32498
-1.52487
0.0693721
4.16794
-1.01475
0.055455
6.13711
-0.773529
0.0549222
7.22603
-0.786223
0.0533443
9.44854
-1.09633
0.050782
4.1197
-0.807134
0.0473338
5.50628
0.281607
0.043132
11.3274
0.979928
0.0383383
0.629984
0.848136
0.0331368
1.3492
0.879611
0.0277275
1.37233
0.853452
0.0223181
0.623617
0.756969
0.0171166
11.9775
0.70569
0.0123229
11.0793
0.77145
0.00812119
10.1744
0.736671
0.00467292
8.28412
0.528669
0.00211063
5.74961
0.24358
0.000532776
9.2389
0.0325889
0.000532776
0.0299445
-1.17732
0.00211063
7.74024
-1.40822
0.00467292
5.64665
-1.38151
0.00812119
3.50428
-1.51298
0.0123229
1.30075
-1.79368
0.0171166
12.0364
-2.06569
0.0223181
12.2134
-2.05145
0.0277275
1.56606
-1.81939
0.0331368
3.0542
-1.68238
0.0383383
4.69318
-1.54435
0.043132
6.61065
-1.408
0.0473338
9.28663
-1.37673
0.050782
11.8893
-1.29906
0.0533443
1.57965
-1.33378
0.0549222
7.30615
-0.604575
0.031462
8.21963
-0.955197
0.0311598
1.31265
-1.0304
0.0302646
0.734019
-0.0516668
0.0288109
10.8585
0.946639
0.0268545
2.09648
0.971198
0.0244707
3.24659
0.812179
0.021751
3.06685
0.709571
0.0188
2.60257
0.664603
0.015731
1.95967
0.68627
0.012662
1.22929
0.698803
0.00971102
0.0955758
0.602606
0.00699133
11.6177
0.626124
0.00460751
10.4142
0.631386
0.00265115
9.38658
0.573396
0.00119745
8.3047
0.471055
0.000302267
3.9792
-0.106629
0.000302267
0.152236
-0.225899
0.00119745
9.60803
0.043815
0.00265115
1.83088
-1.17075
0.00460751
10.9927
-1.2888
0.00699133
8.69881
-1.37255
0.00971102
7.55232
-1.46889
0.012662
7.45148
-1.47155
0.015731
8.07037
-1.49572
0.0188
9.91456
-1.35222
0.021751
11.6299
-1.2702
0.0244707
0.891011
-1.38376
0.0268545
3.15281
-1.1743
0.0288109
5.33273
-0.790443
0.0302646
6.65756
-0.596187
0.0311598
9.77781
-1.04541
0.00910635
4.7932
-0.663907
0.00901886
8.7795
0.827126
0.00875976
2.03692
1.01732
0.008339
3.92056
0.817069
0.00777275
3.92267
0.626786
0.00708278
3.38147
0.493901
0.0062956
2.75076
0.460532
0.00544145
2.1078
0.492867
0.00455317
1.39525
0.543762
0.00366489
0.5274
0.518611
0.00281075
11.9905
0.474821
0.00202357
10.9586
0.529404
0.00133359
9.81545
0.471051
0.000767348
8.82701
0.38755
0.00034659
7.97112
0.296289
8.7488e-05
6.13231
0.156381
8.7488e-05
4.58657
-0.0598204
0.00034659
2.23217
-0.344371
0.000767348
12.5556
-0.281602
0.00133359
11.1153
-0.17664
0.00202357
9.5958
0.00741883
0.00281075
7.01466
-0.383325
0.00366489
5.62605
-0.671382
0.00455317
5.69156
-0.668195
0.00544145
6.48411
-0.53492
0.0062956
7.53628
-0.303175
0.00708278
8.04591
-0.250819
0.00777275
8.12983
-0.299414
0.008339
7.85109
-0.456906
0.00875976
7.75741
-0.745625
0.00901886
2.78856
1.04541
0.00910635
4.80896
0.745625
0.00901886
4.71528
0.456906
0.00875976
4.43654
0.299414
0.008339
4.52046
0.250819
0.00777275
5.03009
0.303175
0.00708278
6.08226
0.53492
0.0062956
6.87481
0.668195
0.00544145
6.94032
0.671382
0.00455317
5.55172
0.383325
0.00366489
2.97057
-0.00741883
0.00281075
1.4511
0.17664
0.00202357
0.0108127
0.281602
0.00133359
10.3342
0.344371
0.000767348
7.9798
0.0598204
0.00034659
6.43406
-0.156381
8.7488e-05
4.59525
-0.296289
8.7488e-05
3.73936
-0.38755
0.00034659
2.75092
-0.471051
0.000767348
1.60774
-0.529404
0.00133359
0.575913
-0.474821
0.00202357
12.039
-0.518611
0.00281075
11.1711
-0.543762
0.00366489
10.4586
-0.492867
0.00455317
9.81561
-0.460532
0.00544145
9.1849
-0.493901
0.0062956
8.6437
-0.626786
0.00708278
8.64581
-0.817069
0.00777275
10.5295
-1.01732
0.008339
3.78687
-0.827126
0.00875976
7.77317
0.663907
0.00901886
5.26022
0.604575
0.031462
5.90881
0.596187
0.0311598
7.23365
0.790443
0.0302646
9.41356
1.1743
0.0288109
11.6754
1.38376
0.0268545
0.93645
1.2702
0.0244707
2.65181
1.35222
0.021751
4.496
1.49572
0.0188
5.11489
1.47155
0.015731
5.01405
1.46889
0.012662
3.86756
1.37255
0.00971102
1.57367
1.2888
0.00699133
10.7355
1.17075
0.00460751
2.95834
-0.043815
0.00265115
12.4141
0.225899
0.00119745
8.58717
0.106629
0.000302267
4.26167
-0.471055
0.000302267
3.17979
-0.573396
0.00119745
2.15217
-0.631386
0.00265115
0.94864
-0.626124
0.00460751
12.4708
-0.602606
0.00699133
11.3371
-0.698803
0.00971102
10.6067
-0.68627
0.012662
9.9638
-0.664603
0.015731
9.49952
-0.709571
0.0188
9.31978
-0.812179
0.021751
10.4699
-0.971198
0.0244707
1.70784
-0.946639
0.0268545
11.8324
0.0516668
0.0288109
11.2537
1.0304
0.0302646
4.34674
0.955197
0.0311598
8.39843
1.01475
0.055455
10.9867
1.33378
0.0549222
0.677083
1.29906
0.0533443
3.27974
1.37673
0.050782
5.95572
1.408
0.0473338
7.87319
1.54435
0.043132
9.51217
1.68238
0.0383383
11.0003
1.81939
0.0331368
0.352929
2.05145
0.0277275
0.52997
2.06569
0.0223181
11.2656
1.79368
0.0171166
9.06209
1.51298
0.0123229
6.91972
1.38151
0.00812119
4.82613
1.40822
0.00467292
12.5364
1.17732
0.00211063
3.32747
-0.0325889
0.000532776
6.81676
-0.24358
0.000532776
4.28225
-0.528669
0.00211063
2.39198
-0.736671
0.00467292
1.48712
-0.77145
0.00812119
0.588831
-0.70569
0.0123229
11.9428
-0.756969
0.0171166
11.194
-0.853452
0.0223181
11.2172
-0.879611
0.0277275
11.9364
-0.848136
0.0331368
1.23898
-0.979928
0.0383383
7.06009
-0.281607
0.043132
8.44667
0.807134
0.0473338
3.11783
1.09633
0.050782
5.34034
0.786223
0.0533443
6.42926
0.773529
0.0549222
1.41685
1.40569
0.070045
4.24139
1.52487
0.0693721
7.3963
1.67644
0.0673791
9.48501
1.70999
0.0641427
0.395457
2.07819
0.0597872
2.49805
1.96849
0.05448
4.04419
1.99017
0.0484251
5.60435
2.0498
0.0418551
7.77273
2.31887
0.0350225
7.73229
2.30472
0.02819
5.51546
2.02031
0.02162
2.92561
1.85665
0.0155651
1.33682
1.94039
0.0102579
11.9941
1.86778
0.00590236
7.33531
1.32342
0.00266593
4.7359
1.36886
0.000672948
2.54188
-0.0890674
0.000672948
11.2238
0.21222
0.00266593
6.45951
-0.34324
0.00590236
4.71944
-0.505184
0.0102579
3.01256
-0.752926
0.0155651
2.09897
-0.851812
0.02162
2.9255
-0.782933
0.02819
4.44878
-0.625753
0.0350225
9.55516
0.160412
0.0418551
5.4256
0.291684
0.0484251
0.847059
1.02926
0.05448
5.05946
0.956454
0.0597872
6.46437
0.850063
0.0641427
8.50143
1.07303
0.0673791
11.3681
1.42385
0.0693721
7.18116
1.65961
0.0705254
9.92317
1.84174
0.0698478
1.4779
2.20094
0.0678412
3.87912
2.02963
0.0645825
7.41253
2.26115
0.0601972
9.94221
2.3255
0.0548536
11.9986
2.5137
0.0487571
1.10266
2.57341
0.0421421
2.83038
2.7561
0.0352627
1.91059
2.64995
0.0283833
12.1547
2.47071
0.0217682
9.29936
2.15563
0.0156718
8.69527
2.37641
0.0103282
4.72653
1.93476
0.00594283
1.05067
1.90126
0.00268421
10.8799
1.71886
0.000677563
4.25085
1.34754
0.000677563
12.3306
1.14439
0.00268421
7.73641
0.716758
0.00594283
1.92401
-0.0564263
0.0103282
0.750424
0.0642479
0.0156718
0.951107
0.0406756
0.0217682
3.15801
-0.091776
0.0283833
10.3019
1.03213
0.0352627
1.4998
1.12341
0.0421421
4.78035
1.01349
0.0487571
6.15521
0.840998
0.0548536
8.58381
1.13421
0.0601972
11.1622
1.42204
0.0645825
1.3132
1.41592
0.0678412
4.22197
1.54676
0.0698478
0.108262
2.06768
0.0593532
3.76809
2.05095
0.058783
8.05925
2.41015
0.0570942
11.4971
2.50587
0.0543518
3.88066
2.85871
0.0506611
6.36308
2.78529
0.046164
8.62054
2.98929
0.0410334
10.6387
3.2574
0.0354662
10.8254
3.26799
0.0296766
9.31421
3.07412
0.023887
6.31667
2.68251
0.0183199
4.96994
2.79606
0.0131892
2.53288
2.7034
0.00869208
9.24036
2.11249
0.00500141
7.8518
2.26068
0.002259
3.1686
1.82178
0.000570228
9.72541
1.59333
0.000570228
6.92151
1.2168
0.002259
5.15968
1.13747
0.00500141
4.31261
1.29313
0.00869208
3.65996
1.23149
0.0131892
4.10734
1.25904
0.0183199
4.63945
1.10766
0.023887
6.00067
1.00948
0.0296766
6.83056
0.992671
0.0354662
9.256
1.33507
0.0410334
11.4116
1.49626
0.046164
1.19838
1.42896
0.0506611
4.08211
1.55367
0.0543518
6.50983
1.54946
0.0570942
9.25345
1.70122
0.058783
6.34914
2.16936
0.0428216
10.9385
2.47671
0.0424102
4.28497
2.9204
0.0411918
8.02253
2.92132
0.0392132
0.851173
3.38537
0.0365505
2.79228
3.39745
0.033306
4.4487
3.43644
0.0296043
5.39977
3.56752
0.0255878
4.26763
3.39659
0.0214108
2.25719
3.2924
0.0172337
0.604717
3.24389
0.0132172
11.2586
3.25419
0.00951559
6.34691
2.65346
0.00627107
4.29544
2.78084
0.00360837
12.2795
2.42302
0.0016298
8.05764
2.14445
0.000411402
1.82977
1.68463
0.000411402
0.0157253
1.8419
0.0016298
10.6281
1.61945
0.00360837
9.24803
1.42689
0.00627107
8.52144
1.24056
0.00951559
8.74745
1.27275
0.0132172
9.86971
1.50876
0.0172337
10.8483
1.49502
0.0214108
0.0947361
1.67199
0.0255878
2.11473
1.59731
0.0296043
4.50823
1.65215
0.033306
6.56405
1.59989
0.0365505
9.11
1.72138
0.0392132
12.1273
2.04042
0.0411918
3.22217
2.10275
0.0424102
1.71435
2.69769
0.0268881
7.5305
2.88986
0.0266298
1.54217
3.43401
0.0258647
5.70963
3.64176
0.0246223
8.91698
3.73364
0.0229504
10.6794
3.89395
0.0209131
11.5546
3.98646
0.0185888
10.9363
3.89548
0.0160668
9.22675
3.66884
0.013444
7.56682
3.58782
0.0108212
5.98572
3.60223
0.00829923
1.80686
3.21904
0.00597493
11.9617
3.195
0.00393767
8.59106
2.90413
0.00226573
4.39987
2.6527
0.00102337
1.90723
2.59006
0.000258323
7.47937
2.06685
0.000258323
5.51813
1.91267
0.00102337
3.49055
1.76092
0.00226573
1.90698
1.64328
0.00393767
1.33467
1.56016
0.00597493
1.50477
1.5555
0.00829923
2.79087
1.68808
0.0108212
4.05585
1.65437
0.013444
5.94532
1.78239
0.0160668
7.31117
1.76544
0.0185888
9.43541
1.82247
0.0209131
12.1628
2.10125
0.0229504
2.88591
2.26149
0.0246223
5.68369
2.22215
0.0258647
10.2246
2.5486
0.0266298
12.267
3.42282
0.0148377
5.15248
3.57313
0.0146951
10.3151
3.89346
0.014273
1.73682
4.1434
0.0135874
3.4106
4.17237
0.0126648
4.03134
4.17483
0.0115405
3.61488
4.13227
0.0102579
2.39726
4.0516
0.00886619
0.866986
3.99911
0.00741885
11.5042
3.9146
0.0059715
8.26627
3.52712
0.00457978
6.25528
3.56887
0.00329716
2.63751
3.24249
0.00217293
12.0376
3.12297
0.0012503
9.5228
3.01623
0.000564726
5.31014
2.56173
0.000142551
0.331305
2.40304
0.000142551
10.0898
2.12393
0.000564726
8.27055
2.00427
0.0012503
7.39291
1.91395
0.00217293
7.12445
1.86651
0.00329716
7.17486
1.82806
0.00457978
8.02768
1.91533
0.0059715
9.27892
1.88103
0.00741885
10.9601
2.11457
0.00886619
0.245625
2.19777
0.0102579
2.7679
2.32878
0.0115405
4.91762
2.22834
0.0126648
8.56726
2.54675
0.0135874
0.0614969
2.66724
0.014273
6.44032
2.9719
0.0146951
9.61832
3.85573
0.00724388
2.45165
4.19942
0.00717429
5.88629
4.34721
0.00696818
7.56917
4.4155
0.00663348
8.15615
4.42205
0.00618304
7.85769
4.37317
0.00563419
6.83257
4.27439
0.005008
5.45084
4.16609
0.00432855
3.63881
4.06202
0.00362194
1.17999
3.9294
0.00291534
11.5513
3.87148
0.00223588
8.37597
3.49114
0.0016097
5.96256
3.49752
0.00106084
2.86374
3.22509
0.000610407
12.2462
3.06485
0.000275704
10.1431
3.04485
6.95946e-05
4.48936
2.50692
6.95946e-05
3.14592
2.56717
0.000275704
1.84119
2.49412
0.000610407
0.783325
2.37116
0.00106084
0.350061
2.31923
0.0016097
0.470528
2.30476
0.00223588
1.08922
2.32608
0.00291534
2.17631
2.39362
0.00362194
3.47793
2.28402
0.00432855
5.1684
2.28317
0.005008
7.51861
2.36537
0.00563419
11.0667
2.58192
0.00618304
3.11717
2.84371
0.00663348
9.00086
3.12431
0.00696818
3.38237
3.51393
0.00717429
6.17723
4.3967
0.00314366
9.37519
4.58107
0.00311346
11.0784
4.64797
0.00302401
11.6183
4.64297
0.00287876
11.4206
4.59048
0.00268328
10.6525
4.50929
0.00244509
9.47433
4.41529
0.00217334
7.80769
4.28314
0.00187848
5.66082
4.10461
0.00157183
3.62563
4.00775
0.00126518
1.03748
3.87629
0.000970316
11.1574
3.78167
0.000698568
8.19054
3.43608
0.000460378
5.73718
3.4289
0.000264901
3.05726
3.19471
0.000119648
0.302038
3.034
3.02023e-05
9.02077
2.85447
3.02023e-05
7.27213
2.59658
0.000119648
5.81808
2.47839
0.000264901
4.95238
2.42137
0.000460378
4.64784
2.38315
0.000698568
4.8356
2.36432
0.000970316
5.53662
2.37039
0.00126518
6.616
2.38247
0.00157183
8.25362
2.53303
0.00187848
10.8998
2.64112
0.00217334
1.77077
2.7911
0.00244509
7.06056
2.98261
0.00268328
0.539382
3.45283
0.00287876
7.45124
3.8382
0.00302401
1.16412
4.19636
0.00311346
12.4241
4.79021
0.00121697
1.5039
4.81652
0.00120528
2.23511
4.79701
0.00117065
2.30075
4.76178
0.00111442
1.78789
4.7061
0.00103875
0.793738
4.6542
0.00094654
11.9384
4.54253
0.000841341
10.1052
4.38461
0.000727194
8.09099
4.24355
0.000608484
5.71272
4.05294
0.000489775
3.41488
3.94668
0.000375627
0.829052
3.82388
0.000270429
10.9571
3.71326
0.000178221
8.21135
3.39106
0.000102548
5.88705
3.37832
4.63181e-05
3.61233
3.16394
1.16919e-05
12.1672
2.93684
1.16919e-05
10.9876
2.92794
4.63181e-05
10.0435
2.89176
0.000102548
9.31812
2.79823
0.000178221
9.0858
2.74447
0.000270429
9.52385
2.77419
0.000375627
10.4817
2.76854
0.000489775
11.6697
2.70057
0.000608484
1.63516
2.8136
0.000727194
6.04194
3.09747
0.000841341
10.464
3.34846
0.00094654
4.02453
3.54587
0.00103875
10.7472
3.99492
0.00111442
4.68251
4.32652
0.00117065
9.44503
4.62383
0.00120528
4.32118
4.90546
0.000421366
5.28711
4.91253
0.000417317
5.69023
4.8989
0.000405328
5.53525
4.85685
0.000385859
4.8548
4.78372
0.000359658
3.73334
4.7083
0.000327732
2.20598
4.63606
0.000291308
0.293338
4.55016
0.000251785
10.7645
4.3701
0.000210683
8.48954
4.21546
0.000169581
5.9669
4.02242
0.000130058
3.60617
3.90024
9.36337e-05
1.06707
3.77385
6.17076e-05
11.2694
3.68993
3.55064e-05
8.90001
3.41313
1.60373e-05
6.78787
3.31073
4.04821e-06
3.20107
3.08305
4.04821e-06
1.90899
2.98808
1.60373e-05
1.04131
2.91526
3.55064e-05
0.636172
2.87563
6.17076e-05
0.772749
2.85413
9.36337e-05
1.52786
2.85807
0.000130058
3.18971
2.93279
0.000169581
6.33139
3.10574
0.000210683
9.43501
3.24433
0.000251785
2.35312
3.56582
0.000291308
8.44552
3.88382
0.000327732
2.27745
4.25572
0.000359658
8.1418
4.55911
0.000385859
12.3847
4.82805
0.000405328
2.56393
4.89545
0.000417317
8.45698
5.11283
0.000130759
9.25107
5.1329
0.000129503
9.5275
5.12464
0.000125782
9.3016
5.07689
0.000119741
8.58627
4.99545
0.00011161
7.4219
4.89986
0.000101703
5.84488
4.7717
9.03993e-05
3.90467
4.64033
7.81345e-05
1.72162
4.54935
6.53796e-05
11.8414
4.40669
5.26247e-05
9.48314
4.22489
4.03599e-05
6.89544
4.05406
2.90566e-05
4.43634
3.86392
1.91492e-05
2.14456
3.77504
1.10184e-05
12.5144
3.71077
4.97672e-06
10.5196
3.55743
1.25625e-06
7.44607
3.21923
1.25625e-06
6.5652
3.22226
4.97672e-06
6.09845
3.22149
1.10184e-05
6.18923
3.19552
1.91492e-05
6.87892
3.13006
2.90566e-05
8.18702
3.13605
4.03599e-05
10.623
3.40877
5.26247e-05
2.03687
3.56805
6.53796e-05
6.63802
3.81847
7.81345e-05
0.0904452
4.22461
9.03993e-05
6.18849
4.46313
0.000101703
11.3344
4.78542
0.00011161
2.57372
4.94344
0.000119741
5.20483
4.99659
0.000125782
7.09684
5.06531
0.000129503
0.313459
5.40481
3.64276e-05
1.06829
5.4079
3.60777e-05
1.35179
5.39057
3.50412e-05
1.13116
5.35643
3.3358e-05
0.46625
5.30417
3.10929e-05
11.9045
5.20039
2.83329e-05
10.3957
5.08287
2.51839e-05
8.44706
4.90419
2.17672e-05
6.21852
4.73786
1.82138e-05
3.81951
4.58214
1.46605e-05
1.29033
4.48261
1.12437e-05
11.2566
4.30168
8.09476e-06
8.93267
4.13751
5.3347e-06
6.50102
3.97009
3.06958e-06
4.38816
3.80219
1.38644e-06
2.59007
3.74403
3.49973e-07
12.4911
3.63085
3.49973e-07
11.8428
3.58941
1.38644e-06
11.7761
3.56705
3.06958e-06
12.4488
3.5752
5.3347e-06
1.39903
3.56863
8.09476e-06
3.93269
3.64533
1.12437e-05
7.41149
3.89675
1.46605e-05
11.8865
4.16951
1.82138e-05
4.82663
4.39568
2.17672e-05
10.1353
4.75103
2.51839e-05
1.95468
4.9653
2.83329e-05
5.22877
5.04402
3.10929e-05
7.86002
5.16121
3.3358e-05
10.0159
5.27459
3.50412e-05
11.6731
5.34788
3.60777e-05
5.07656
5.58292
9.1224e-06
5.77964
5.59195
9.03475e-06
6.09174
5.58661
8.7752e-06
5.94729
5.5533
8.3537e-06
5.36682
5.49515
7.78645e-06
4.41924
5.42423
7.09526e-06
3.04675
5.36055
6.30669e-06
1.2989
5.26399
5.45104e-06
11.7896
5.12076
4.5612e-06
9.46283
4.93803
3.67135e-06
6.96028
4.74495
2.8157e-06
4.42457
4.56204
2.02713e-06
1.98803
4.4596
1.33594e-06
12.177
4.34175
7.68701e-07
10.1727
4.15984
3.47201e-07
8.58934
4.05523
8.76421e-08
6.34775
3.88048
8.76421e-08
6.13749
3.84564
3.47201e-07
6.72055
3.88693
7.68701e-07
8.22418
3.96447
1.33594e-06
10.2741
4.05281
2.02713e-06
1.14327
4.29642
2.8157e-06
5.22516
4.44447
3.67135e-06
9.7799
4.75026
4.5612e-06
1.4097
4.97907
5.45104e-06
4.9737
5.0698
6.30669e-06
8.00503
5.21268
7.09526e-06
10.6699
5.36381
7.78645e-06
0.456989
5.48691
8.3537e-06
2.38691
5.5374
8.7752e-06
3.91995
5.55835
9.03475e-06
9.99007
5.87496
2.05578e-06
10.6981
5.90041
2.03603e-06
10.9866
5.89211
1.97753e-06
10.9041
5.86348
1.88255e-06
10.4461
5.81343
1.75472e-06
9.57573
5.72299
1.59895e-06
8.34259
5.6166
1.42124e-06
6.85077
5.50542
1.22842e-06
5.09286
5.3852
1.02789e-06
3.15777
5.29911
8.27357e-07
0.990548
5.19287
6.34532e-07
11.2427
5.02607
4.56824e-07
8.97437
4.84141
3.01062e-07
6.8309
4.6838
1.7323e-07
4.92179
4.53747
7.82433e-08
3.47675
4.45752
1.97506e-08
2.11394
4.38562
1.97506e-08
2.36811
4.37987
7.82433e-08
3.39656
4.39879
1.7323e-07
5.27201
4.48142
3.01062e-07
7.96211
4.64782
4.56824e-07
11.1831
4.86308
6.34532e-07
1.96877
5.02774
8.27357e-07
5.19566
5.11803
1.02789e-06
8.19646
5.26304
1.22842e-06
11.0196
5.42492
1.42124e-06
1.13819
5.55735
1.59895e-06
3.54097
5.6193
1.75472e-06
5.65649
5.68832
1.88255e-06
7.47079
5.76088
1.97753e-06
8.95959
5.8285
2.03603e-06
2.55844
6.15673
4.17273e-07
3.26169
6.15835
4.13264e-07
3.57992
6.14442
4.01392e-07
3.55911
6.12155
3.82112e-07
3.16973
6.08669
3.56165e-07
2.41009
6.03334
3.24549e-07
1.30686
5.95968
2.88478e-07
12.5657
5.87958
2.4934e-07
11.0068
5.756
2.08637e-07
9.26156
5.6124
1.67934e-07
7.44155
5.48161
1.28795e-07
5.51325
5.35071
9.27243e-08
3.69016
5.24985
6.11083e-08
2.00183
5.17974
3.51616e-08
0.525886
5.10486
1.58815e-08
11.9682
5.01283
4.00889e-09
11.2393
4.93314
4.00889e-09
11.7783
4.95506
1.58815e-08
0.376751
5.02515
3.51616e-08
2.06285
5.07462
6.11083e-08
4.20639
5.11909
9.27243e-08
6.56885
5.21895
1.28795e-07
9.10634
5.35127
1.67934e-07
11.7218
5.50349
2.08637e-07
1.77461
5.61705
2.4934e-07
4.34324
5.68656
2.88478e-07
6.70887
5.78321
3.24549e-07
8.99249
5.9013
3.56165e-07
10.935
6.00724
3.82112e-07
0.0950549
6.09328
4.01392e-07
1.52701
6.13318
4.13264e-07
7.78886
6.40391
7.63429e-08
8.43377
6.40658
7.56095e-08
8.82764
6.41647
7.34373e-08
8.79715
6.38899
6.99099e-08
8.46804
6.34436
6.51628e-08
7.79241
6.28066
5.93784e-08
6.87118
6.20648
5.2779e-08
5.65847
6.1183
4.56183e-08
4.29928
6.0286
3.81715e-08
2.77464
5.96181
3.07246e-08
1.12075
5.87076
2.35639e-08
12.0632
5.76142
1.69645e-08
10.4829
5.64412
1.11802e-08
9.08693
5.52194
6.43305e-09
7.93952
5.43366
2.90563e-09
7.22604
5.32362
2.90563e-09
8.19618
5.36548
6.43305e-09
9.59531
5.43865
1.11802e-08
11.3203
5.53264
1.69645e-08
0.844466
5.64533
2.35639e-08
3.0249
5.70659
3.07246e-08
5.41555
5.78062
3.81715e-08
7.74769
5.88654
4.56183e-08
10.1249
6.0226
5.2779e-08
12.3425
6.13745
5.93784e-08
1.91623
6.21947
6.51628e-08
3.75907
6.26095
6.99099e-08
5.43077
6.31232
7.34373e-08
6.75983
6.3612
7.56095e-08
0.564642
6.73604
1.25978e-08
1.25242
6.74375
1.24768e-08
1.6017
6.73149
1.21184e-08
1.65082
6.71113
1.15363e-08
1.37637
6.68366
1.07529e-08
0.751804
6.62363
9.79841e-09
12.4976
6.57042
8.70941e-09
11.4132
6.47197
7.52778e-09
10.137
6.36993
6.29892e-09
8.74695
6.25133
5.07006e-09
7.31999
6.14909
3.88843e-09
5.83966
6.04529
2.79943e-09
4.4858
5.95447
1.84491e-09
3.26992
5.89854
1.06156e-09
2.68452
5.76739
1.06156e-09
3.88775
5.78501
1.84491e-09
5.48111
5.84272
2.79943e-09
7.31237
5.91623
3.88843e-09
9.28697
6.01873
5.07006e-09
11.5057
6.14493
6.29892e-09
1.13867
6.2492
7.52778e-09
3.33983
6.31909
8.70941e-09
5.47113
6.38686
9.79841e-09
7.42499
6.45938
1.07529e-08
9.2671
6.55844
1.15363e-08
10.7402
6.63072
1.21184e-08
12.086
6.68697
1.24768e-08
5.89667
6.95573
1.87602e-09
6.65726
6.97853
1.858e-09
7.00575
6.9741
1.80462e-09
7.02111
6.94856
1.71794e-09
6.80109
6.91337
1.60128e-09
6.31533
6.87168
1.45914e-09
5.5587
6.80324
1.29697e-09
4.55512
6.72938
1.12101e-09
7.04212
6.51179
1.12101e-09
9.13859
6.6132
1.29697e-09
11.1491
6.72106
1.45914e-09
0.463462
6.82102
1.60128e-09
2.19432
6.86705
1.71794e-09
3.7242
6.91396
1.80462e-09
4.9595
6.93523
1.858e-09
