0
-6.5625
1.87602e-09
0.392699
-6.5625
1.858e-09
0.785398
-6.5625
1.80462e-09
1.1781
-6.5625
1.71794e-09
1.5708
-6.5625
1.60128e-09
1.9635
-6.5625
1.45914e-09
2.35619
-6.5625
1.29697e-09
2.74889
-6.5625
1.12101e-09
9.81748
-6.5625
1.12101e-09
10.2102
-6.5625
1.29697e-09
10.6029
-6.5625
1.45914e-09
10.9956
-6.5625
1.60128e-09
11.3883
-6.5625
1.71794e-09
11.781
-6.5625
1.80462e-09
12.1737
-6.5625
1.858e-09
0
-6.25
1.25978e-08
0.392699
-6.25
1.24768e-08
0.785398
-6.25
1.21184e-08
1.1781
-6.25
1.15363e-08
1.5708
-6.25
1.07529e-08
1.9635
-6.25
9.79841e-09
2.35619
-6.25
8.70941e-09
2.74889
-6.25
7.52778e-09
3.14159
-6.25
6.29892e-09
3.53429
-6.25
5.07006e-09
3.92699
-6.25
3.88843e-09
4.31969
-6.25
2.79943e-09
4.71239
-6.25
1.84491e-09
5.10509
-6.25
1.06156e-09
7.46128
-6.25
1.06156e-09
7.85398
-6.25
1.84491e-09
8.24668
-6.25
2.79943e-09
8.63938
-6.25
3.88843e-09
9.03208
-6.25
5.07006e-09
9.42478
-6.25
6.29892e-09
9.81748
-6.25
7.52778e-09
10.2102
-6.25
8.70941e-09
10.6029
-6.25
9.79841e-09
10.9956
-6.25
1.07529e-08
11.3883
-6.25
1.15363e-08
11.781
-6.25
1.21184e-08
12.1737
-6.25
1.24768e-08
0
-5.9375
7.63429e-08
0.392699
-5.9375
7.56095e-08
0.785398
-5.9375
7.34373e-08
1.1781
-5.9375
6.99099e-08
1.5708
-5.9375
6.51628e-08
1.9635
-5.9375
5.93784e-08
2.35619
-5.9375
5.2779e-08
2.74889
-5.9375
4.56183e-08
3.14159
-5.9375
3.81715e-08
3.53429
-5.9375
3.07246e-08
3.92699
-5.9375
2.35639e-08
4.31969
-5.9375
1.69645e-08
4.71239
-5.9375
1.11802e-08
5.10509
-5.9375
6.43305e-09
5.49779
-5.9375
2.90563e-09
7.06858
-5.9375
2.90563e-09
7.46128
-5.9375
6.43305e-09
7.85398
-5.9375
1.11802e-08
8.24668
-5.9375
1.69645e-08
8.63938
-5.9375
2.35639e-08
9.03208
-5.9375
3.07246e-08
9.42478
-5.9375
3.81715e-08
9.81748
-5.9375
4.56183e-08
10.2102
-5.9375
5.2779e-08
10.6029
-5.9375
5.93784e-08
10.9956
-5.9375
6.51628e-08
11.3883
-5.9375
6.99099e-08
11.781
-5.9375
7.34373e-08
12.1737
-5.9375
7.56095e-08
0
-5.625
4.17273e-07
0.392699
-5.625
4.13264e-07
0.785398
-5.625
4.01392e-07
1.1781
-5.625
3.82112e-07
1.5708
-5.625
3.56165e-07
1.9635
-5.625
3.24549e-07
2.35619
-5.625
2.88478e-07
2.74889
-5.625
2.4934e-07
3.14159
-5.625
2.08637e-07
3.53429
-5.625
1.67934e-07
3.92699
-5.625
1.28795e-07
4.31969
-5.625
9.27243e-08
4.71239
-5.625
6.11083e-08
5.10509
-5.625
3.51616e-08
5.49779
-5.625
1.58815e-08
5.89049
-5.625
4.00889e-09
6.67588
-5.625
4.00889e-09
7.06858
-5.625
1.58815e-08
7.46128
-5.625
3.51616e-08
7.85398
-5.625
6.11083e-08
8.24668
-5.625
9.27243e-08
8.63938
-5.625
1.28795e-07
9.03208
-5.625
1.67934e-07
9.42478
-5.625
2.08637e-07
9.81748
-5.625
2.4934e-07
10.2102
-5.625
2.88478e-07
10.6029
-5.625
3.24549e-07
10.9956
-5.625
3.56165e-07
11.3883
-5.625
3.82112e-07
11.781
-5.625
4.01392e-07
12.1737
-5.625
4.13264e-07
0
-5.3125
2.05578e-06
0.392699
-5.3125
2.03603e-06
0.785398
-5.3125
1.97753e-06
1.1781
-5.3125
1.88255e-06
1.5708
-5.3125
1.75472e-06
1.9635
-5.3125
1.59895e-06
2.35619
-5.3125
1.42124e-06
2.74889
-5.3125
1.22842e-06
3.14159
-5.3125
1.02789e-06
3.53429
-5.3125
8.27357e-07
3.92699
-5.3125
6.34532e-07
4.31969
-5.3125
4.56824e-07
4.71239
-5.3125
3.01062e-07
5.10509
-5.3125
1.7323e-07
5.49779
-5.3125
7.82433e-08
5.89049
-5.3125
1.97506e-08
6.67588
-5.3125
1.97506e-08
7.06858
-5.3125
7.82433e-08
7.46128
-5.3125
1.7323e-07
7.85398
-5.3125
3.01062e-07
8.24668
-5.3125
4.56824e-07
8.63938
-5.3125
6.34532e-07
9.03208
-5.3125
8.27357e-07
9.42478
-5.3125
1.02789e-06
9.81748
-5.3125
1.22842e-06
10.2102
-5.3125
1.42124e-06
10.6029
-5.3125
1.59895e-06
10.9956
-5.3125
1.75472e-06
11.3883
-5.3125
1.88255e-06
11.781
-5.3125
1.97753e-06
12.1737
-5.3125
2.03603e-06
0
-5
9.1224e-06
0.392699
-5
9.03475e-06
0.785398
-5
8.7752e-06
1.1781
-5
8.3537e-06
1.5708
-5
7.78645e-06
1.9635
-5
7.09526e-06
2.35619
-5
6.30669e-06
2.74889
-5
5.45104e-06
3.14159
-5
4.5612e-06
3.53429
-5
3.67135e-06
3.92699
-5
2.8157e-06
4.31969
-5
2.02713e-06
4.71239
-5
1.33594e-06
5.10509
-5
7.68701e-07
5.49779
-5
3.47201e-07
5.89049
-5
8.76421e-08
6.67588
-5
8.76421e-08
7.06858
-5
3.47201e-07
7.46128
-5
7.68701e-07
7.85398
-5
1.33594e-06
8.24668
-5
2.02713e-06
8.63938
-5
2.8157e-06
9.03208
-5
3.67135e-06
9.42478
-5
4.5612e-06
9.81748
-5
5.45104e-06
10.2102
-5
6.30669e-06
10.6029
-5
7.09526e-06
10.9956
-5
7.78645e-06
11.3883
-5
8.3537e-06
11.781
-5
8.7752e-06
12.1737
-5
9.03475e-06
0
-4.6875
3.64276e-05
0.392699
-4.6875
3.60777e-05
0.785398
-4.6875
3.50412e-05
1.1781
-4.6875
3.3358e-05
1.5708
-4.6875
3.10929e-05
1.9635
-4.6875
2.83329e-05
2.35619
-4.6875
2.51839e-05
2.74889
-4.6875
2.17672e-05
3.14159
-4.6875
1.82138e-05
3.53429
-4.6875
1.46605e-05
3.92699
-4.6875
1.12437e-05
4.31969
-4.6875
8.09476e-06
4.71239
-4.6875
5.3347e-06
5.10509
-4.6875
3.06958e-06
5.49779
-4.6875
1.38644e-06
5.89049
-4.6875
3.49973e-07
6.67588
-4.6875
3.49973e-07
7.06858
-4.6875
1.38644e-06
7.46128
-4.6875
3.06958e-06
7.85398
-4.6875
5.3347e-06
8.24668
-4.6875
8.09476e-06
8.63938
-4.6875
1.12437e-05
9.03208
-4.6875
1.46605e-05
9.42478
-4.6875
1.82138e-05
9.81748
-4.6875
2.17672e-05
10.2102
-4.6875
2.51839e-05
10.6029
-4.6875
2.83329e-05
10.9956
-4.6875
3.10929e-05
11.3883
-4.6875
3.3358e-05
11.781
-4.6875
3.50412e-05
12.1737
-4.6875
3.60777e-05
0
-4.375
0.000130759
0.392699
-4.375
0.000129503
0.785398
-4.375
0.000125782
1.1781
-4.375
0.000119741
1.5708
-4.375
0.00011161
1.9635
-4.375
0.000101703
2.35619
-4.375
9.03993e-05
2.74889
-4.375
7.81345e-05
3.14159
-4.375
6.53796e-05
3.53429
-4.375
5.26247e-05
3.92699
-4.375
4.03599e-05
4.31969
-4.375
2.90566e-05
4.71239
-4.375
1.91492e-05
5.10509
-4.375
1.10184e-05
5.49779
-4.375
4.97672e-06
5.89049
-4.375
1.25625e-06
6.67588
-4.375
1.25625e-06
7.06858
-4.375
4.97672e-06
7.46128
-4.375
1.10184e-05
7.85398
-4.375
1.91492e-05
8.24668
-4.375
2.90566e-05
8.63938
-4.375
4.03599e-05
9.03208
-4.375
5.26247e-05
9.42478
-4.375
6.53796e-05
9.81748
-4.375
7.81345e-05
10.2102
-4.375
9.03993e-05
10.6029
-4.375
0.000101703
10.9956
-4.375
0.00011161
11.3883
-4.375
0.000119741
11.781
-4.375
0.000125782
12.1737
-4.375
0.000129503
0
-4.0625
0.000421366
0.392699
-4.0625
0.000417317
0.785398
-4.0625
0.000405328
1.1781
-4.0625
0.000385859
1.5708
-4.0625
0.000359658
1.9635
-4.0625
0.000327732
2.35619
-4.0625
0.000291308
2.74889
-4.0625
0.000251785
3.14159
-4.0625
0.000210683
3.53429
-4.0625
0.000169581
3.92699
-4.0625
0.000130058
4.31969
-4.0625
9.36337e-05
4.71239
-4.0625
6.17076e-05
5.10509
-4.0625
3.55064e-05
5.49779
-4.0625
1.60373e-05
5.89049
-4.0625
4.04821e-06
6.67588
-4.0625
4.04821e-06
7.06858
-4.0625
1.60373e-05
7.46128
-4.0625
3.55064e-05
7.85398
-4.0625
6.17076e-05
8.24668
-4.0625
9.36337e-05
8.63938
-4.0625
0.000130058
9.03208
-4.0625
0.000169581
9.42478
-4.0625
0.000210683
9.81748
-4.0625
0.000251785
10.2102
-4.0625
0.000291308
10.6029
-4.0625
0.000327732
10.9956
-4.0625
0.000359658
11.3883
-4.0625
0.000385859
11.781
-4.0625
0.000405328
12.1737
-4.0625
0.000417317
0
-3.75
0.00121697
0.392699
-3.75
0.00120528
0.785398
-3.75
0.00117065
1.1781
-3.75
0.00111442
1.5708
-3.75
0.00103875
1.9635
-3.75
0.00094654
2.35619
-3.75
0.000841341
2.74889
-3.75
0.000727194
3.14159
-3.75
0.000608484
3.53429
-3.75
0.000489775
3.92699
-3.75
0.000375627
4.31969
-3.75
0.000270429
4.71239
-3.75
0.000178221
5.10509
-3.75
0.000102548
5.49779
-3.75
4.63181e-05
5.89049
-3.75
1.16919e-05
6.67588
-3.75
1.16919e-05
7.06858
-3.75
4.63181e-05
7.46128
-3.75
0.000102548
7.85398
-3.75
0.000178221
8.24668
-3.75
0.000270429
8.63938
-3.75
0.000375627
9.03208
-3.75
0.000489775
9.42478
-3.75
0.000608484
9.81748
-3.75
0.000727194
10.2102
-3.75
0.000841341
10.6029
-3.75
0.00094654
10.9956
-3.75
0.00103875
11.3883
-3.75
0.00111442
11.781
-3.75
0.00117065
12.1737
-3.75
0.00120528
0
-3.4375
0.00314366
0.392699
-3.4375
0.00311346
0.785398
-3.4375
0.00302401
1.1781
-3.4375
0.00287876
1.5708
-3.4375
0.00268328
1.9635
-3.4375
0.00244509
2.35619
-3.4375
0.00217334
2.74889
-3.4375
0.00187848
3.14159
-3.4375
0.00157183
3.53429
-3.4375
0.00126518
3.92699
-3.4375
0.000970316
4.31969
-3.4375
0.000698568
4.71239
-3.4375
0.000460378
5.10509
-3.4375
0.000264901
5.49779
-3.4375
0.000119648
5.89049
-3.4375
3.02023e-05
6.67588
-3.4375
3.02023e-05
7.06858
-3.4375
0.000119648
7.46128
-3.4375
0.000264901
7.85398
-3.4375
0.000460378
8.24668
-3.4375
0.000698568
8.63938
-3.4375
0.000970316
9.03208
-3.4375
0.00126518
9.42478
-3.4375
0.00157183
9.81748
-3.4375
0.00187848
10.2102
-3.4375
0.00217334
10.6029
-3.4375
0.00244509
10.9956
-3.4375
0.00268328
11.3883
-3.4375
0.00287876
11.781
-3.4375
0.00302401
12.1737
-3.4375
0.00311346
0
-3.125
0.00724388
0.392699
-3.125
0.00717429
0.785398
-3.125
0.00696818
1.1781
-3.125
0.00663348
1.5708
-3.125
0.00618304
1.9635
-3.125
0.00563419
2.35619
-3.125
0.005008
2.74889
-3.125
0.00432855
3.14159
-3.125
0.00362194
3.53429
-3.125
0.00291534
3.92699
-3.125
0.00223588
4.31969
-3.125
0.0016097
4.71239
-3.125
0.00106084
5.10509
-3.125
0.000610407
5.49779
-3.125
0.000275704
5.89049
-3.125
6.95946e-05
6.67588
-3.125
6.95946e-05
7.06858
-3.125
0.000275704
7.46128
-3.125
0.000610407
7.85398
-3.125
0.00106084
8.24668
-3.125
0.0016097
8.63938
-3.125
0.00223588
9.03208
-3.125
0.00291534
9.42478
-3.125
0.00362194
9.81748
-3.125
0.00432855
10.2102
-3.125
0.005008
10.6029
-3.125
0.00563419
10.9956
-3.125
0.00618304
11.3883
-3.125
0.00663348
11.781
-3.125
0.00696818
12.1737
-3.125
0.00717429
0
-2.8125
0.0148377
0.392699
-2.8125
0.0146951
0.785398
-2.8125
0.014273
1.1781
-2.8125
0.0135874
1.5708
-2.8125
0.0126648
1.9635
-2.8125
0.0115405
2.35619
-2.8125
0.0102579
2.74889
-2.8125
0.00886619
3.14159
-2.8125
0.00741885
3.53429
-2.8125
0.0059715
3.92699
-2.8125
0.00457978
4.31969
-2.8125
0.00329716
4.71239
-2.8125
0.00217293
5.10509
-2.8125
0.0012503
5.49779
-2.8125
0.000564726
5.89049
-2.8125
0.000142551
6.67588
-2.8125
0.000142551
7.06858
-2.8125
0.000564726
7.46128
-2.8125
0.0012503
7.85398
-2.8125
0.00217293
8.24668
-2.8125
0.00329716
8.63938
-2.8125
0.00457978
9.03208
-2.8125
0.0059715
9.42478
-2.8125
0.00741885
9.81748
-2.8125
0.00886619
10.2102
-2.8125
0.0102579
10.6029
-2.8125
0.0115405
10.9956
-2.8125
0.0126648
11.3883
-2.8125
0.0135874
11.781
-2.8125
0.014273
12.1737
-2.8125
0.0146951
0
-2.5
0.0268881
0.392699
-2.5
0.0266298
0.785398
-2.5
0.0258647
1.1781
-2.5
0.0246223
1.5708
-2.5
0.0229504
1.9635
-2.5
0.0209131
2.35619
-2.5
0.0185888
2.74889
-2.5
0.0160668
3.14159
-2.5
0.013444
3.53429
-2.5
0.0108212
3.92699
-2.5
0.00829923
4.31969
-2.5
0.00597493
4.71239
-2.5
0.00393767
5.10509
-2.5
0.00226573
5.49779
-2.5
0.00102337
5.89049
-2.5
0.000258323
6.67588
-2.5
0.000258323
7.06858
-2.5
0.00102337
7.46128
-2.5
0.00226573
7.85398
-2.5
0.00393767
8.24668
-2.5
0.00597493
8.63938
-2.5
0.00829923
9.03208
-2.5
0.0108212
9.42478
-2.5
0.013444
9.81748
-2.5
0.0160668
10.2102
-2.5
0.0185888
10.6029
-2.5
0.0209131
10.9956
-2.5
0.0229504
11.3883
-2.5
0.0246223
11.781
-2.5
0.0258647
12.1737
-2.5
0.0266298
0
-2.1875
0.0428216
0.392699
-2.1875
0.0424102
0.785398
-2.1875
0.0411918
1.1781
-2.1875
0.0392132
1.5708
-2.1875
0.0365505
1.9635
-2.1875
0.033306
2.35619
-2.1875
0.0296043
2.74889
-2.1875
0.0255878
3.14159
-2.1875
0.0214108
3.53429
-2.1875
0.0172337
3.92699
-2.1875
0.0132172
4.31969
-2.1875
0.00951559
4.71239
-2.1875
0.00627107
5.10509
-2.1875
0.00360837
5.49779
-2.1875
0.0016298
5.89049
-2.1875
0.000411402
6.67588
-2.1875
0.000411402
7.06858
-2.1875
0.0016298
7.46128
-2.1875
0.00360837
7.85398
-2.1875
0.00627107
8.24668
-2.1875
0.00951559
8.63938
-2.1875
0.0132172
9.03208
-2.1875
0.0172337
9.42478
-2.1875
0.0214108
9.81748
-2.1875
0.0255878
10.2102
-2.1875
0.0296043
10.6029
-2.1875
0.033306
10.9956
-2.1875
0.0365505
11.3883
-2.1875
0.0392132
11.781
-2.1875
0.0411918
12.1737
-2.1875
0.0424102
0
-1.875
0.0593532
0.392699
-1.875
0.058783
0.785398
-1.875
0.0570942
1.1781
-1.875
0.0543518
1.5708
-1.875
0.0506611
1.9635
-1.875
0.046164
2.35619
-1.875
0.0410334
2.74889
-1.875
0.0354662
3.14159
-1.875
0.0296766
3.53429
-1.875
0.023887
3.92699
-1.875
0.0183199
4.31969
-1.875
0.0131892
4.71239
-1.875
0.00869208
5.10509
-1.875
0.00500141
5.49779
-1.875
0.002259
5.89049
-1.875
0.000570228
6.67588
-1.875
0.000570228
7.06858
-1.875
0.002259
7.46128
-1.875
0.00500141
7.85398
-1.875
0.00869208
8.24668
-1.875
0.0131892
8.63938
-1.875
0.0183199
9.03208
-1.875
0.023887
9.42478
-1.875
0.0296766
9.81748
-1.875
0.0354662
10.2102
-1.875
0.0410334
10.6029
-1.875
0.046164
10.9956
-1.875
0.0506611
11.3883
-1.875
0.0543518
11.781
-1.875
0.0570942
12.1737
-1.875
0.058783
0
-1.5625
0.0705254
0.392699
-1.5625
0.0698478
0.785398
-1.5625
0.0678412
1.1781
-1.5625
0.0645825
1.5708
-1.5625
0.0601972
1.9635
-1.5625
0.0548536
2.35619
-1.5625
0.0487571
2.74889
-1.5625
0.0421421
3.14159
-1.5625
0.0352627
3.53429
-1.5625
0.0283833
3.92699
-1.5625
0.0217682
4.31969
-1.5625
0.0156718
4.71239
-1.5625
0.0103282
5.10509
-1.5625
0.00594283
5.49779
-1.5625
0.00268421
5.89049
-1.5625
0.000677563
6.67588
-1.5625
0.000677563
7.06858
-1.5625
0.00268421
7.46128
-1.5625
0.00594283
7.85398
-1.5625
0.0103282
8.24668
-1.5625
0.0156718
8.63938
-1.5625
0.0217682
9.03208
-1.5625
0.0283833
9.42478
-1.5625
0.0352627
9.81748
-1.5625
0.0421421
10.2102
-1.5625
0.0487571
10.6029
-1.5625
0.0548536
10.9956
-1.5625
0.0601972
11.3883
-1.5625
0.0645825
11.781
-1.5625
0.0678412
12.1737
-1.5625
0.0698478
0
-1.25
0.070045
0.392699
-1.25
0.0693721
0.785398
-1.25
0.0673791
1.1781
-1.25
0.0641427
1.5708
-1.25
0.0597872
1.9635
-1.25
0.05448
2.35619
-1.25
0.0484251
2.74889
-1.25
0.0418551
3.14159
-1.25
0.0350225
3.53429
-1.25
0.02819
3.92699
-1.25
0.02162
4.31969
-1.25
0.0155651
4.71239
-1.25
0.0102579
5.10509
-1.25
0.00590236
5.49779
-1.25
0.00266593
5.89049
-1.25
0.000672948
6.67588
-1.25
0.000672948
7.06858
-1.25
0.00266593
7.46128
-1.25
0.00590236
7.85398
-1.25
0.0102579
8.24668
-1.25
0.0155651
8.63938
-1.25
0.02162
9.03208
-1.25
0.02819
9.42478
-1.25
0.0350225
9.81748
-1.25
0.0418551
10.2102
-1.25
0.0484251
10.6029
-1.25
0.05448
10.9956
-1.25
0.0597872
11.3883
-1.25
0.0641427
11.781
-1.25
0.0673791
12.1737
-1.25
0.0693721
0
-0.9375
0.055455
0.392699
-0.9375
0.0549222
0.785398
-0.9375
0.0533443
1.1781
-0.9375
0.050782
1.5708
-0.9375
0.0473338
1.9635
-0.9375
0.043132
2.35619
-0.9375
0.0383383
2.74889
-0.9375
0.0331368
3.14159
-0.9375
0.0277275
3.53429
-0.9375
0.0223181
3.92699
-0.9375
0.0171166
4.31969
-0.9375
0.0123229
4.71239
-0.9375
0.00812119
5.10509
-0.9375
0.00467292
5.49779
-0.9375
0.00211063
5.89049
-0.9375
0.000532776
6.67588
-0.9375
0.000532776
7.06858
-0.9375
0.00211063
7.46128
-0.9375
0.00467292
7.85398
-0.9375
0.00812119
8.24668
-0.9375
0.0123229
8.63938
-0.9375
0.0171166
9.03208
-0.9375
0.0223181
9.42478
-0.9375
0.0277275
9.81748
-0.9375
0.0331368
10.2102
-0.9375
0.0383383
10.6029
-0.9375
0.043132
10.9956
-0.9375
0.0473338
11.3883
-0.9375
0.050782
11.781
-0.9375
0.0533443
12.1737
-0.9375
0.0549222
0
-0.625
0.031462
0.392699
-0.625
0.0311598
0.785398
-0.625
0.0302646
1.1781
-0.625
0.0288109
1.5708
-0.625
0.0268545
1.9635
-0.625
0.0244707
2.35619
-0.625
0.021751
2.74889
-0.625
0.0188
3.14159
-0.625
0.015731
3.53429
-0.625
0.012662
3.92699
-0.625
0.00971102
4.31969
-0.625
0.00699133
4.71239
-0.625
0.00460751
5.10509
-0.625
0.00265115
5.49779
-0.625
0.00119745
5.89049
-0.625
0.000302267
6.67588
-0.625
0.000302267
7.06858
-0.625
0.00119745
7.46128
-0.625
0.00265115
7.85398
-0.625
0.00460751
8.24668
-0.625
0.00699133
8.63938
-0.625
0.00971102
9.03208
-0.625
0.012662
9.42478
-0.625
0.015731
9.81748
-0.625
0.0188
10.2102
-0.625
0.021751
10.6029
-0.625
0.0244707
10.9956
-0.625
0.0268545
11.3883
-0.625
0.0288109
11.781
-0.625
0.0302646
12.1737
-0.625
0.0311598
0
-0.3125
0.00910635
0.392699
-0.3125
0.00901886
0.785398
-0.3125
0.00875976
1.1781
-0.3125
0.008339
1.5708
-0.3125
0.00777275
1.9635
-0.3125
0.00708278
2.35619
-0.3125
0.0062956
2.74889
-0.3125
0.00544145
3.14159
-0.3125
0.00455317
3.53429
-0.3125
0.00366489
3.92699
-0.3125
0.00281075
4.31969
-0.3125
0.00202357
4.71239
-0.3125
0.00133359
5.10509
-0.3125
0.000767348
5.49779
-0.3125
0.00034659
5.89049
-0.3125
8.7488e-05
6.67588
-0.3125
8.7488e-05
7.06858
-0.3125
0.00034659
7.46128
-0.3125
0.000767348
7.85398
-0.3125
0.00133359
8.24668
-0.3125
0.00202357
8.63938
-0.3125
0.00281075
9.03208
-0.3125
0.00366489
9.42478
-0.3125
0.00455317
9.81748
-0.3125
0.00544145
10.2102
-0.3125
0.0062956
10.6029
-0.3125
0.00708278
10.9956
-0.3125
0.00777275
11.3883
-0.3125
0.008339
11.781
-0.3125
0.00875976
12.1737
-0.3125
0.00901886
0
0.3125
0.00910635
0.392699
0.3125
0.00901886
0.785398
0.3125
0.00875976
1.1781
0.3125
0.008339
1.5708
0.3125
0.00777275
1.9635
0.3125
0.00708278
2.35619
0.3125
0.0062956
2.74889
0.3125
0.00544145
3.14159
0.3125
0.00455317
3.53429
0.3125
0.00366489
3.92699
0.3125
0.00281075
4.31969
0.3125
0.00202357
4.71239
0.3125
0.00133359
5.10509
0.3125
0.000767348
5.49779
0.3125
0.00034659
5.89049
0.3125
8.7488e-05
6.67588
0.3125
8.7488e-05
7.06858
0.3125
0.00034659
7.46128
0.3125
0.000767348
7.85398
0.3125
0.00133359
8.24668
0.3125
0.00202357
8.63938
0.3125
0.00281075
9.03208
0.3125
0.00366489
9.42478
0.3125
0.00455317
9.81748
0.3125
0.00544145
10.2102
0.3125
0.0062956
10.6029
0.3125
0.00708278
10.9956
0.3125
0.00777275
11.3883
0.3125
0.008339
11.781
0.3125
0.00875976
12.1737
0.3125
0.00901886
0
0.625
0.031462
0.392699
0.625
0.0311598
0.785398
0.625
0.0302646
1.1781
0.625
0.0288109
1.5708
0.625
0.0268545
1.9635
0.625
0.0244707
2.35619
0.625
0.021751
2.74889
0.625
0.0188
3.14159
0.625
0.015731
3.53429
0.625
0.012662
3.92699
0.625
0.00971102
4.31969
0.625
0.00699133
4.71239
0.625
0.00460751
5.10509
0.625
0.00265115
5.49779
0.625
0.00119745
5.89049
0.625
0.000302267
6.67588
0.625
0.000302267
7.06858
0.625
0.00119745
7.46128
0.625
0.00265115
7.85398
0.625
0.00460751
8.24668
0.625
0.00699133
8.63938
0.625
0.00971102
9.03208
0.625
0.012662
9.42478
0.625
0.015731
9.81748
0.625
0.0188
10.2102
0.625
0.021751
10.6029
0.625
0.0244707
10.9956
0.625
0.0268545
11.3883
0.625
0.0288109
11.781
0.625
0.0302646
12.1737
0.625
0.0311598
0
0.9375
0.055455
0.392699
0.9375
0.0549222
0.785398
0.9375
0.0533443
1.1781
0.9375
0.050782
1.5708
0.9375
0.0473338
1.9635
0.9375
0.043132
2.35619
0.9375
0.0383383
2.74889
0.9375
0.0331368
3.14159
0.9375
0.0277275
3.53429
0.9375
0.0223181
3.92699
0.9375
0.0171166
4.31969
0.9375
0.0123229
4.71239
0.9375
0.00812119
5.10509
0.9375
0.00467292
5.49779
0.9375
0.00211063
5.89049
0.9375
0.000532776
6.67588
0.9375
0.000532776
7.06858
0.9375
0.00211063
7.46128
0.9375
0.00467292
7.85398
0.9375
0.00812119
8.24668
0.9375
0.0123229
8.63938
0.9375
0.0171166
9.03208
0.9375
0.0223181
9.42478
0.9375
0.0277275
9.81748
0.9375
0.0331368
10.2102
0.9375
0.0383383
10.6029
0.9375
0.043132
10.9956
0.9375
0.0473338
11.3883
0.9375
0.050782
11.781
0.9375
0.0533443
12.1737
0.9375
0.0549222
0
1.25
0.070045
0.392699
1.25
0.0693721
0.785398
1.25
0.0673791
1.1781
1.25
0.0641427
1.5708
1.25
0.0597872
1.9635
1.25
0.05448
2.35619
1.25
0.0484251
2.74889
1.25
0.0418551
3.14159
1.25
0.0350225
3.53429
1.25
0.02819
3.92699
1.25
0.02162
4.31969
1.25
0.0155651
4.71239
1.25
0.0102579
5.10509
1.25
0.00590236
5.49779
1.25
0.00266593
5.89049
1.25
0.000672948
6.67588
1.25
0.000672948
7.06858
1.25
0.00266593
7.46128
1.25
0.00590236
7.85398
1.25
0.0102579
8.24668
1.25
0.0155651
8.63938
1.25
0.02162
9.03208
1.25
0.02819
9.42478
1.25
0.0350225
9.81748
1.25
0.0418551
10.2102
1.25
0.0484251
10.6029
1.25
0.05448
10.9956
1.25
0.0597872
11.3883
1.25
0.0641427
11.781
1.25
0.0673791
12.1737
1.25
0.0693721
0
1.5625
0.0705254
0.392699
1.5625
0.0698478
0.785398
1.5625
0.0678412
1.1781
1.5625
0.0645825
1.5708
1.5625
0.0601972
1.9635
1.5625
0.0548536
2.35619
1.5625
0.0487571
2.74889
1.5625
0.0421421
3.14159
1.5625
0.0352627
3.53429
1.5625
0.0283833
3.92699
1.5625
0.0217682
4.31969
1.5625
0.0156718
4.71239
1.5625
0.0103282
5.10509
1.5625
0.00594283
5.49779
1.5625
0.00268421
5.89049
1.5625
0.000677563
6.67588
1.5625
0.000677563
7.06858
1.5625
0.00268421
7.46128
1.5625
0.00594283
7.85398
1.5625
0.0103282
8.24668
1.5625
0.0156718
8.63938
1.5625
0.0217682
9.03208
1.5625
0.0283833
9.42478
1.5625
0.0352627
9.81748
1.5625
0.0421421
10.2102
1.5625
0.0487571
10.6029
1.5625
0.0548536
10.9956
1.5625
0.0601972
11.3883
1.5625
0.0645825
11.781
1.5625
0.0678412
12.1737
1.5625
0.0698478
0
1.875
0.0593532
0.392699
1.875
0.058783
0.785398
1.875
0.0570942
1.1781
1.875
0.0543518
1.5708
1.875
0.0506611
1.9635
1.875
0.046164
2.35619
1.875
0.0410334
2.74889
1.875
0.0354662
3.14159
1.875
0.0296766
3.53429
1.875
0.023887
3.92699
1.875
0.0183199
4.31969
1.875
0.0131892
4.71239
1.875
0.00869208
5.10509
1.875
0.00500141
5.49779
1.875
0.002259
5.89049
1.875
0.000570228
6.67588
1.875
0.000570228
7.06858
1.875
0.002259
7.46128
1.875
0.00500141
7.85398
1.875
0.00869208
8.24668
1.875
0.0131892
8.63938
1.875
0.0183199
9.03208
1.875
0.023887
9.42478
1.875
0.0296766
9.81748
1.875
0.0354662
10.2102
1.875
0.0410334
10.6029
1.875
0.046164
10.9956
1.875
0.0506611
11.3883
1.875
0.0543518
11.781
1.875
0.0570942
12.1737
1.875
0.058783
0
2.1875
0.0428216
0.392699
2.1875
0.0424102
0.785398
2.1875
0.0411918
1.1781
2.1875
0.0392132
1.5708
2.1875
0.0365505
1.9635
2.1875
0.033306
2.35619
2.1875
0.0296043
2.74889
2.1875
0.0255878
3.14159
2.1875
0.0214108
3.53429
2.1875
0.0172337
3.92699
2.1875
0.0132172
4.31969
2.1875
0.00951559
4.71239
2.1875
0.00627107
5.10509
2.1875
0.00360837
5.49779
2.1875
0.0016298
5.89049
2.1875
0.000411402
6.67588
2.1875
0.000411402
7.06858
2.1875
0.0016298
7.46128
2.1875
0.00360837
7.85398
2.1875
0.00627107
8.24668
2.1875
0.00951559
8.63938
2.1875
0.0132172
9.03208
2.1875
0.0172337
9.42478
2.1875
0.0214108
9.81748
2.1875
0.0255878
10.2102
2.1875
0.0296043
10.6029
2.1875
0.033306
10.9956
2.1875
0.0365505
11.3883
2.1875
0.0392132
11.781
2.1875
0.0411918
12.1737
2.1875
0.0424102
0
2.5
0.0268881
0.392699
2.5
0.0266298
0.785398
2.5
0.0258647
1.1781
2.5
0.0246223
1.5708
2.5
0.0229504
1.9635
2.5
0.0209131
2.35619
2.5
0.0185888
2.74889
2.5
0.0160668
3.14159
2.5
0.013444
3.53429
2.5
0.0108212
3.92699
2.5
0.00829923
4.31969
2.5
0.00597493
4.71239
2.5
0.00393767
5.10509
2.5
0.00226573
5.49779
2.5
0.00102337
5.89049
2.5
0.000258323
6.67588
2.5
0.000258323
7.06858
2.5
0.00102337
7.46128
2.5
0.00226573
7.85398
2.5
0.00393767
8.24668
2.5
0.00597493
8.63938
2.5
0.00829923
9.03208
2.5
0.0108212
9.42478
2.5
0.013444
9.81748
2.5
0.0160668
10.2102
2.5
0.0185888
10.6029
2.5
0.0209131
10.9956
2.5
0.0229504
11.3883
2.5
0.0246223
11.781
2.5
0.0258647
12.1737
2.5
0.0266298
0
2.8125
0.0148377
0.392699
2.8125
0.0146951
0.785398
2.8125
0.014273
1.1781
2.8125
0.0135874
1.5708
2.8125
0.0126648
1.9635
2.8125
0.0115405
2.35619
2.8125
0.0102579
2.74889
2.8125
0.00886619
3.14159
2.8125
0.00741885
3.53429
2.8125
0.0059715
3.92699
2.8125
0.00457978
4.31969
2.8125
0.00329716
4.71239
2.8125
0.00217293
5.10509
2.8125
0.0012503
5.49779
2.8125
0.000564726
5.89049
2.8125
0.000142551
6.67588
2.8125
0.000142551
7.06858
2.8125
0.000564726
7.46128
2.8125
0.0012503
7.85398
2.8125
0.00217293
8.24668
2.8125
0.00329716
8.63938
2.8125
0.00457978
9.03208
2.8125
0.0059715
9.42478
2.8125
0.00741885
9.81748
2.8125
0.00886619
10.2102
2.8125
0.0102579
10.6029
2.8125
0.0115405
10.9956
2.8125
0.0126648
11.3883
2.8125
0.0135874
11.781
2.8125
0.014273
12.1737
2.8125
0.0146951
0
3.125
0.00724388
0.392699
3.125
0.00717429
0.785398
3.125
0.00696818
1.1781
3.125
0.00663348
1.5708
3.125
0.00618304
1.9635
3.125
0.00563419
2.35619
3.125
0.005008
2.74889
3.125
0.00432855
3.14159
3.125
0.00362194
3.53429
3.125
0.00291534
3.92699
3.125
0.00223588
4.31969
3.125
0.0016097
4.71239
3.125
0.00106084
5.10509
3.125
0.000610407
5.49779
3.125
0.000275704
5.89049
3.125
6.95946e-05
6.67588
3.125
6.95946e-05
7.06858
3.125
0.000275704
7.46128
3.125
0.000610407
7.85398
3.125
0.00106084
8.24668
3.125
0.0016097
8.63938
3.125
0.00223588
9.03208
3.125
0.00291534
9.42478
3.125
0.00362194
9.81748
3.125
0.00432855
10.2102
3.125
0.005008
10.6029
3.125
0.00563419
10.9956
3.125
0.00618304
11.3883
3.125
0.00663348
11.781
3.125
0.00696818
12.1737
3.125
0.00717429
0
3.4375
0.00314366
0.392699
3.4375
0.00311346
0.785398
3.4375
0.00302401
1.1781
3.4375
0.00287876
1.5708
3.4375
0.00268328
1.9635
3.4375
0.00244509
2.35619
3.4375
0.00217334
2.74889
3.4375
0.00187848
3.14159
3.4375
0.00157183
3.53429
3.4375
0.00126518
3.92699
3.4375
0.000970316
4.31969
3.4375
0.000698568
4.71239
3.4375
0.000460378
5.10509
3.4375
0.000264901
5.49779
3.4375
0.000119648
5.89049
3.4375
3.02023e-05
6.67588
3.4375
3.02023e-05
7.06858
3.4375
0.000119648
7.46128
3.4375
0.000264901
7.85398
3.4375
0.000460378
8.24668
3.4375
0.000698568
8.63938
3.4375
0.000970316
9.03208
3.4375
0.00126518
9.42478
3.4375
0.00157183
9.81748
3.4375
0.00187848
10.2102
3.4375
0.00217334
10.6029
3.4375
0.00244509
10.9956
3.4375
0.00268328
11.3883
3.4375
0.00287876
11.781
3.4375
0.00302401
12.1737
3.4375
0.00311346
0
3.75
0.00121697
0.392699
3.75
0.00120528
0.785398
3.75
0.00117065
1.1781
3.75
0.00111442
1.5708
3.75
0.00103875
1.9635
3.75
0.00094654
2.35619
3.75
0.000841341
2.74889
3.75
0.000727194
3.14159
3.75
0.000608484
3.53429
3.75
0.000489775
3.92699
3.75
0.000375627
4.31969
3.75
0.000270429
4.71239
3.75
0.000178221
5.10509
3.75
0.000102548
5.49779
3.75
4.63181e-05
5.89049
3.75
1.16919e-05
6.67588
3.75
1.16919e-05
7.06858
3.75
4.63181e-05
7.46128
3.75
0.000102548
7.85398
3.75
0.000178221
8.24668
3.75
0.000270429
8.63938
3.75
0.000375627
9.03208
3.75
0.000489775
9.42478
3.75
0.000608484
9.81748
3.75
0.000727194
10.2102
3.75
0.000841341
10.6029
3.75
0.00094654
10.9956
3.75
0.00103875
11.3883
3.75
0.00111442
11.781
3.75
0.00117065
12.1737
3.75
0.00120528
0
4.0625
0.000421366
0.392699
4.0625
0.000417317
0.785398
4.0625
0.000405328
1.1781
4.0625
0.000385859
1.5708
4.0625
0.000359658
1.9635
4.0625
0.000327732
2.35619
4.0625
0.000291308
2.74889
4.0625
0.000251785
3.14159
4.0625
0.000210683
3.53429
4.0625
0.000169581
3.92699
4.0625
0.000130058
4.31969
4.0625
9.36337e-05
4.71239
4.0625
6.17076e-05
5.10509
4.0625
3.55064e-05
5.49779
4.0625
1.60373e-05
5.89049
4.0625
4.04821e-06
6.67588
4.0625
4.04821e-06
7.06858
4.0625
1.60373e-05
7.46128
4.0625
3.55064e-05
7.85398
4.0625
6.17076e-05
8.24668
4.0625
9.36337e-05
8.63938
4.0625
0.000130058
9.03208
4.0625
0.000169581
9.42478
4.0625
0.000210683
9.81748
4.0625
0.000251785
10.2102
4.0625
0.000291308
10.6029
4.0625
0.000327732
10.9956
4.0625
0.000359658
11.3883
4.0625
0.000385859
11.781
4.0625
0.000405328
12.1737
4.0625
0.000417317
0
4.375
0.000130759
0.392699
4.375
0.000129503
0.785398
4.375
0.000125782
1.1781
4.375
0.000119741
1.5708
4.375
0.00011161
1.9635
4.375
0.000101703
2.35619
4.375
9.03993e-05
2.74889
4.375
7.81345e-05
3.14159
4.375
6.53796e-05
3.53429
4.375
5.26247e-05
3.92699
4.375
4.03599e-05
4.31969
4.375
2.90566e-05
4.71239
4.375
1.91492e-05
5.10509
4.375
1.10184e-05
5.49779
4.375
4.97672e-06
5.89049
4.375
1.25625e-06
6.67588
4.375
1.25625e-06
7.06858
4.375
4.97672e-06
7.46128
4.375
1.10184e-05
7.85398
4.375
1.91492e-05
8.24668
4.375
2.90566e-05
8.63938
4.375
4.03599e-05
9.03208
4.375
5.26247e-05
9.42478
4.375
6.53796e-05
9.81748
4.375
7.81345e-05
10.2102
4.375
9.03993e-05
10.6029
4.375
0.000101703
10.9956
4.375
0.00011161
11.3883
4.375
0.000119741
11.781
4.375
0.000125782
12.1737
4.375
0.000129503
0
4.6875
3.64276e-05
0.392699
4.6875
3.60777e-05
0.785398
4.6875
3.50412e-05
1.1781
4.6875
3.3358e-05
1.5708
4.6875
3.10929e-05
1.9635
4.6875
2.83329e-05
2.35619
4.6875
2.51839e-05
2.74889
4.6875
2.17672e-05
3.14159
4.6875
1.82138e-05
3.53429
4.6875
1.46605e-05
3.92699
4.6875
1.12437e-05
4.31969
4.6875
8.09476e-06
4.71239
4.6875
5.3347e-06
5.10509
4.6875
3.06958e-06
5.49779
4.6875
1.38644e-06
5.89049
4.6875
3.49973e-07
6.67588
4.6875
3.49973e-07
7.06858
4.6875
1.38644e-06
7.46128
4.6875
3.06958e-06
7.85398
4.6875
5.3347e-06
8.24668
4.6875
8.09476e-06
8.63938
4.6875
1.12437e-05
9.03208
4.6875
1.46605e-05
9.42478
4.6875
1.82138e-05
9.81748
4.6875
2.17672e-05
10.2102
4.6875
2.51839e-05
10.6029
4.6875
2.83329e-05
10.9956
4.6875
3.10929e-05
11.3883
4.6875
3.3358e-05
11.781
4.6875
3.50412e-05
12.1737
4.6875
3.60777e-05
0
5
9.1224e-06
0.392699
5
9.03475e-06
0.785398
5
8.7752e-06
1.1781
5
8.3537e-06
1.5708
5
7.78645e-06
1.9635
5
7.09526e-06
2.35619
5
6.30669e-06
2.74889
5
5.45104e-06
3.14159
5
4.5612e-06
3.53429
5
3.67135e-06
3.92699
5
2.8157e-06
4.31969
5
2.02713e-06
4.71239
5
1.33594e-06
5.10509
5
7.68701e-07
5.49779
5
3.47201e-07
5.89049
5
8.76421e-08
6.67588
5
8.76421e-08
7.06858
5
3.47201e-07
7.46128
5
7.68701e-07
7.85398
5
1.33594e-06
8.24668
5
2.02713e-06
8.63938
5
2.8157e-06
9.03208
5
3.67135e-06
9.42478
5
4.5612e-06
9.81748
5
5.45104e-06
10.2102
5
6.30669e-06
10.6029
5
7.09526e-06
10.9956
5
7.78645e-06
11.3883
5
8.3537e-06
11.781
5
8.7752e-06
12.1737
5
9.03475e-06
0
5.3125
2.05578e-06
0.392699
5.3125
2.03603e-06
0.785398
5.3125
1.97753e-06
1.1781
5.3125
1.88255e-06
1.5708
5.3125
1.75472e-06
1.9635
5.3125
1.59895e-06
2.35619
5.3125
1.42124e-06
2.74889
5.3125
1.22842e-06
3.14159
5.3125
1.02789e-06
3.53429
5.3125
8.27357e-07
3.92699
5.3125
6.34532e-07
4.31969
5.3125
4.56824e-07
4.71239
5.3125
3.01062e-07
5.10509
5.3125
1.7323e-07
5.49779
5.3125
7.82433e-08
5.89049
5.3125
1.97506e-08
6.67588
5.3125
1.97506e-08
7.06858
5.3125
7.82433e-08
7.46128
5.3125
1.7323e-07
7.85398
5.3125
3.01062e-07
8.24668
5.3125
4.56824e-07
8.63938
5.3125
6.34532e-07
9.03208
5.3125
8.27357e-07
9.42478
5.3125
1.02789e-06
9.81748
5.3125
1.22842e-06
10.2102
5.3125
1.42124e-06
10.6029
5.3125
1.59895e-06
10.9956
5.3125
1.75472e-06
11.3883
5.3125
1.88255e-06
11.781
5.3125
1.97753e-06
12.1737
5.3125
2.03603e-06
0
5.625
4.17273e-07
0.392699
5.625
4.13264e-07
0.785398
5.625
4.01392e-07
1.1781
5.625
3.82112e-07
1.5708
5.625
3.56165e-07
1.9635
5.625
3.24549e-07
2.35619
5.625
2.88478e-07
2.74889
5.625
2.4934e-07
3.14159
5.625
2.08637e-07
3.53429
5.625
1.67934e-07
3.92699
5.625
1.28795e-07
4.31969
5.625
9.27243e-08
4.71239
5.625
6.11083e-08
5.10509
5.625
3.51616e-08
5.49779
5.625
1.58815e-08
5.89049
5.625
4.00889e-09
6.67588
5.625
4.00889e-09
7.06858
5.625
1.58815e-08
7.46128
5.625
3.51616e-08
7.85398
5.625
6.11083e-08
8.24668
5.625
9.27243e-08
8.63938
5.625
1.28795e-07
9.03208
5.625
1.67934e-07
9.42478
5.625
2.08637e-07
9.81748
5.625
2.4934e-07
10.2102
5.625
2.88478e-07
10.6029
5.625
3.24549e-07
10.9956
5.625
3.56165e-07
11.3883
5.625
3.82112e-07
11.781
5.625
4.01392e-07
12.1737
5.625
4.13264e-07
0
5.9375
7.63429e-08
0.392699
5.9375
7.56095e-08
0.785398
5.9375
7.34373e-08
1.1781
5.9375
6.99099e-08
1.5708
5.9375
6.51628e-08
1.9635
5.9375
5.93784e-08
2.35619
5.9375
5.2779e-08
2.74889
5.9375
4.56183e-08
3.14159
5.9375
3.81715e-08
3.53429
5.9375
3.07246e-08
3.92699
5.9375
2.35639e-08
4.31969
5.9375
1.69645e-08
4.71239
5.9375
1.11802e-08
5.10509
5.9375
6.43305e-09
5.49779
5.9375
2.90563e-09
7.06858
5.9375
2.90563e-09
7.46128
5.9375
6.43305e-09
7.85398
5.9375
1.11802e-08
8.24668
5.9375
1.69645e-08
8.63938
5.9375
2.35639e-08
9.03208
5.9375
3.07246e-08
9.42478
5.9375
3.81715e-08
9.81748
5.9375
4.56183e-08
10.2102
5.9375
5.2779e-08
10.6029
5.9375
5.93784e-08
10.9956
5.9375
6.51628e-08
11.3883
5.9375
6.99099e-08
11.781
5.9375
7.34373e-08
12.1737
5.9375
7.56095e-08
0
6.25
1.25978e-08
0.392699
6.25
1.24768e-08
0.785398
6.25
1.21184e-08
1.1781
6.25
1.15363e-08
1.5708
6.25
1.07529e-08
1.9635
6.25
9.79841e-09
2.35619
6.25
8.70941e-09
2.74889
6.25
7.52778e-09
3.14159
6.25
6.29892e-09
3.53429
6.25
5.07006e-09
3.92699
6.25
3.88843e-09
4.31969
6.25
2.79943e-09
4.71239
6.25
1.84491e-09
5.10509
6.25
1.06156e-09
7.46128
6.25
1.06156e-09
7.85398
6.25
1.84491e-09
8.24668
6.25
2.79943e-09
8.63938
6.25
3.88843e-09
9.03208
6.25
5.07006e-09
9.42478
6.25
6.29892e-09
9.81748
6.25
7.52778e-09
10.2102
6.25
8.70941e-09
10.6029
6.25
9.79841e-09
10.9956
6.25
1.07529e-08
11.3883
6.25
1.15363e-08
11.781
6.25
1.21184e-08
12.1737
6.25
1.24768e-08
0
6.5625
1.87602e-09
0.392699
6.5625
1.858e-09
0.785398
6.5625
1.80462e-09
1.1781
6.5625
1.71794e-09
1.5708
6.5625
1.60128e-09
1.9635
6.5625
1.45914e-09
2.35619
6.5625
1.29697e-09
2.74889
6.5625
1.12101e-09
9.81748
6.5625
1.12101e-09
10.2102
6.5625
1.29697e-09
10.6029
6.5625
1.45914e-09
10.9956
6.5625
1.60128e-09
11.3883
6.5625
1.71794e-09
11.781
6.5625
1.80462e-09
12.1737
6.5625
1.858e-09
